780,1,276,327
790,1,281,353
800,1,287,381
810,1,296,408
810,2,333,416
820,2,333,397
830,2,336,369
840,2,342,351
840,3,359,411
850,2,343,330
850,3,359,387
850,4,305,119
850,5,290,117
850,6,334,409
860,2,346,311
860,3,357,366
860,4,304,138
860,5,289,136
860,6,335,385
870,2,348,293
870,3,357,345
870,4,304,159
870,5,287,157
870,6,334,362
880,2,348,277
880,3,355,326
880,4,302,179
880,5,285,177
880,6,336,339
890,2,351,263
890,3,354,307
890,4,301,200
890,5,284,198
890,6,335,318
900,2,354,249
900,3,353,288
900,4,301,221
900,5,284,220
900,6,337,299
910,2,357,240
910,3,356,272
910,4,300,246
910,5,285,242
910,6,336,278
920,2,367,232
920,3,357,257
920,4,301,268
920,5,286,264
920,6,336,260
930,2,360,226
930,3,355,245
930,4,301,291
930,5,286,287
930,6,333,244
930,7,336,416
940,2,369,220
940,3,353,237
940,4,308,317
940,5,289,311
940,6,334,225
940,7,337,381
950,2,371,209
950,3,353,229
950,4,311,341
950,5,291,335
950,6,333,208
950,7,337,349
950,8,193,106
960,2,374,196
960,3,352,217
960,4,315,366
960,5,294,362
960,6,337,196
960,7,331,317
960,8,208,120
970,2,372,179
970,3,349,205
970,4,320,388
970,5,299,384
970,6,334,184
970,7,328,287
970,8,216,133
980,2,367,165
980,3,353,193
980,4,325,412
980,5,297,408
980,6,330,172
980,7,323,259
980,8,228,147
990,2,357,151
990,3,353,176
990,6,329,160
990,7,317,231
990,8,235,165
1000,2,348,137
1000,3,347,161
1000,6,326,152
1000,7,311,205
1000,8,241,179
1010,2,334,126
1010,3,345,142
1010,6,324,137
1010,7,306,180
1010,8,249,200
1020,2,325,114
1020,3,339,128
1020,6,317,129
1020,7,302,158
1020,8,257,221
1030,8,254,238
1040,8,261,259
1050,8,267,282
1050,9,306,437
1050,10,322,435
1050,11,345,427
1050,12,364,415
1060,8,277,301
1060,9,306,437
1060,10,322,435
1060,11,339,401
1060,12,362,396
1070,8,284,322
1070,9,306,437
1070,10,322,435
1070,11,337,386
1070,12,359,378
1070,13,341,410
1080,8,290,345
1080,9,305,437
1080,10,322,435
1080,11,340,369
1080,12,355,363
1080,13,342,396
1080,14,366,427
1090,8,295,365
1090,9,303,437
1090,10,321,435
1090,11,341,358
1090,12,348,347
1090,13,325,373
1090,14,370,410
1090,15,350,429
1100,8,300,386
1100,9,302,438
1100,10,321,438
1100,11,338,350
1100,12,343,334
1100,13,320,355
1100,14,374,393
1100,15,356,410
1110,8,305,404
1110,11,335,334
1110,12,340,318
1110,13,316,338
1110,14,377,375
1110,15,359,393
1110,16,333,393
1110,17,367,416
1110,18,347,435
1120,8,312,422
1120,11,326,314
1120,12,335,301
1120,13,310,321
1120,14,372,358
1120,15,358,372
1120,16,333,372
1120,17,370,392
1120,18,348,415
1130,11,320,294
1130,12,332,283
1130,13,307,304
1130,14,368,338
1130,15,353,351
1130,16,331,351
1130,17,373,370
1130,18,352,392
1130,20,363,414
1140,11,314,278
1140,12,327,267
1140,13,301,288
1140,14,367,320
1140,15,351,333
1140,16,326,334
1140,17,373,350
1140,18,355,369
1140,20,372,389
1150,11,311,261
1150,12,324,250
1150,13,295,271
1150,14,368,305
1150,15,347,314
1150,16,324,314
1150,17,376,327
1150,18,356,349
1150,20,374,363
1150,21,318,396
1160,11,306,245
1160,12,321,233
1160,13,288,256
1160,14,365,286
1160,15,345,296
1160,16,318,296
1160,17,381,300
1160,18,353,325
1160,20,372,335
1160,21,304,376
1170,11,300,231
1170,12,320,219
1170,13,282,241
1170,14,360,266
1170,15,342,279
1170,16,318,282
1170,17,380,282
1170,18,354,308
1170,20,371,311
1170,21,295,355
1180,11,295,216
1180,12,314,204
1180,13,277,227
1180,14,356,248
1180,15,337,261
1180,16,316,263
1180,17,383,262
1180,18,354,286
1180,20,372,289
1180,21,286,333
1190,11,291,201
1190,12,310,189
1190,13,273,212
1190,14,353,231
1190,15,332,245
1190,16,312,246
1190,17,380,240
1190,18,354,261
1190,20,372,262
1190,21,280,311
1200,11,287,188
1200,12,306,175
1200,13,270,198
1200,14,352,215
1200,15,330,227
1200,16,311,228
1200,17,376,210
1200,18,352,241
1200,20,370,240
1200,21,276,289
1210,11,281,173
1210,12,301,160
1210,13,266,184
1210,14,348,198
1210,15,325,211
1210,16,306,212
1210,17,371,188
1210,18,348,223
1210,20,369,219
1210,21,270,267
1220,11,276,160
1220,12,296,147
1220,13,261,171
1220,14,344,181
1220,15,327,189
1220,16,305,194
1220,17,363,169
1220,18,346,201
1220,20,369,199
1220,21,266,247
1230,11,269,147
1230,12,288,133
1230,13,255,158
1230,14,340,165
1230,15,323,173
1230,16,301,177
1230,17,355,151
1230,18,342,185
1230,20,368,178
1230,21,263,226
1230,22,311,387
1240,11,261,135
1240,12,279,118
1240,13,248,147
1240,14,336,148
1240,15,319,156
1240,16,300,161
1240,17,346,134
1240,18,343,166
1240,20,363,158
1240,21,256,208
1240,22,305,361
1250,22,300,335
1260,22,295,312
1270,22,290,288
1280,22,284,261
1290,22,279,241
1290,23,316,324
1290,24,306,365
1290,25,352,383
1300,22,273,220
1300,23,313,299
1300,24,299,339
1300,25,357,342
1310,22,267,200
1310,23,314,276
1310,24,292,316
1310,25,363,308
1320,22,257,183
1320,23,312,256
1320,24,293,288
1320,25,370,276
1330,22,249,164
1330,23,313,237
1330,24,293,263
1330,25,376,246
1340,22,243,147
1340,23,312,215
1340,24,291,240
1340,25,381,218
1350,22,236,132
1350,23,315,195
1350,24,292,216
1350,25,390,192
1350,26,180,99
1350,27,300,344
1360,23,314,173
1360,24,291,193
1360,25,397,165
1360,27,295,317
1370,27,292,291
1380,27,290,265
1390,27,288,240
1450,28,294,364
1450,29,319,356
1450,30,255,209
1460,28,288,336
1460,29,318,333
1460,30,263,224
1470,28,288,314
1470,29,318,310
1470,30,264,236
1480,28,287,292
1480,29,313,286
1480,30,268,252
1490,28,286,266
1490,29,313,265
1490,30,271,268
1490,31,327,393
1500,28,285,245
1500,29,311,245
1500,30,274,288
1500,31,324,362
1510,28,280,225
1510,29,307,225
1510,30,278,307
1510,31,315,331
1520,28,279,205
1520,29,304,205
1520,30,283,325
1520,31,310,305
1530,28,277,186
1530,29,302,187
1530,30,287,344
1530,31,307,279
1530,33,346,443
1540,28,274,168
1540,29,301,167
1540,30,290,362
1540,31,307,255
1540,33,351,416
1540,34,330,428
1550,28,273,150
1550,29,301,148
1550,30,295,380
1550,31,311,232
1550,33,353,394
1550,34,334,401
1560,28,271,133
1560,29,301,129
1560,30,301,401
1560,31,311,210
1560,33,355,374
1560,34,333,376
1570,30,309,420
1570,33,355,352
1570,34,332,355
1580,33,358,331
1580,34,335,333
1590,33,362,311
1590,34,339,312
1600,33,362,291
1600,34,338,293
1610,33,362,272
1610,34,338,272
1620,33,365,251
1620,34,340,249
1630,33,370,231
1630,34,345,230
1640,33,375,211
1640,34,350,211
1650,33,381,196
1650,34,356,195
1660,33,385,178
1660,34,362,172
1670,33,394,156
1670,34,371,152
1680,33,402,141
1680,34,380,139
1760,35,262,224
1770,35,267,243
1780,35,272,261
1790,35,279,283
1800,35,284,303
1800,36,342,417
1810,35,289,324
1810,36,349,386
1820,35,295,346
1820,36,354,357
1820,37,324,410
1830,35,299,367
1830,36,359,331
1830,37,326,379
1840,35,305,389
1840,36,363,305
1840,37,329,349
1850,36,366,280
1850,37,330,320
1860,36,371,255
1860,37,332,294
1870,36,375,230
1870,37,330,268
1880,36,380,207
1880,37,328,244
1890,36,384,197
1890,37,327,220
1900,36,393,170
1900,37,325,197
1910,36,403,148
1910,37,327,175
1920,36,413,131
1920,37,329,153
1930,37,329,132
1930,38,294,386
1940,38,283,353
1950,38,277,321
1960,38,271,290
1970,38,264,261
1970,39,321,391
1980,38,261,236
1980,39,318,358
1980,40,188,108
1990,38,259,205
1990,39,315,325
1990,40,203,116
2000,38,257,179
2000,39,312,295
2000,40,216,131
2010,38,252,155
2010,39,306,264
2010,40,225,148
2020,38,237,134
2020,39,303,236
2020,40,232,167
2030,39,298,209
2030,40,241,184
2040,39,295,184
2040,40,250,204
2050,39,294,159
2050,40,260,225
2060,39,292,134
2060,40,266,246
2070,40,273,267
2080,40,274,289
2090,40,277,312
2100,40,280,336
2110,40,281,361
2120,40,285,386
2120,41,342,404
2120,42,318,428
2130,40,292,412
2130,41,336,385
2130,42,322,407
2130,43,320,446
2130,44,342,438
2140,40,300,435
2140,41,339,359
2140,42,321,386
2140,43,321,421
2140,44,343,408
2150,41,334,337
2150,42,324,367
2150,43,321,396
2150,44,342,384
2160,41,332,317
2160,42,322,344
2160,43,320,372
2160,44,342,362
2170,41,327,296
2170,42,320,323
2170,43,316,347
2170,44,340,340
2180,41,325,276
2180,42,316,305
2180,43,311,327
2180,44,339,318
2190,41,322,256
2190,42,313,285
2190,43,307,307
2190,44,336,298
2190,45,314,394
2200,41,319,236
2200,42,311,265
2200,43,304,286
2200,44,330,275
2200,45,306,369
2200,46,321,412
2210,41,316,217
2210,42,305,246
2210,43,301,267
2210,44,325,256
2210,45,301,343
2210,46,317,389
2220,41,311,199
2220,42,304,229
2220,43,299,248
2220,44,323,236
2220,45,298,317
2220,46,312,366
2220,47,306,403
2230,41,308,182
2230,42,300,211
2230,43,295,229
2230,44,326,217
2230,45,292,292
2230,46,306,343
2230,47,295,374
2240,41,302,165
2240,42,296,192
2240,43,290,210
2240,44,321,198
2240,45,289,268
2240,46,299,321
2240,47,284,346
2240,48,292,64
2250,41,296,147
2250,42,291,173
2250,43,284,191
2250,44,313,179
2250,45,287,243
2250,46,294,299
2250,47,277,323
2250,48,303,80
2260,41,287,134
2260,42,286,155
2260,43,271,169
2260,44,303,157
2260,45,282,221
2260,46,291,277
2260,47,266,291
2260,48,311,96
2270,41,278,118
2270,42,282,139
2270,43,261,148
2270,44,298,140
2270,45,277,200
2270,46,288,253
2270,47,261,261
2270,48,317,115
2280,41,271,101
2280,42,273,123
2280,43,253,133
2280,44,291,122
2280,45,274,180
2280,46,287,233
2280,47,257,239
2280,48,320,135
2280,49,336,371
2290,45,270,160
2290,46,282,213
2290,47,252,215
2290,48,318,154
2290,49,336,340
2300,48,317,175
2300,49,340,312
2310,48,318,196
2310,49,338,282
2320,48,318,216
2320,49,338,255
2330,48,318,240
2330,49,339,228
2340,48,320,266
2350,48,322,290
2360,48,325,315
2370,48,328,340
2380,48,327,367
2390,48,327,395
2870,50,369,275
2870,51,392,288
2870,52,404,312
2870,53,345,263
2870,54,331,265
2870,55,285,207
2870,56,268,427
2870,57,362,184
2880,50,374,250
2880,51,392,288
2880,52,404,312
2880,53,347,293
2880,54,333,295
2880,55,287,232
2880,56,268,429
2880,57,355,208
2890,50,379,226
2890,51,392,288
2890,52,404,312
2890,53,350,321
2890,54,336,323
2890,55,291,256
2890,56,272,433
2890,57,347,230
2900,50,383,203
2900,51,392,288
2900,52,404,312
2900,53,353,351
2900,54,339,353
2900,55,295,281
2900,56,274,437
2900,57,340,253
2910,50,390,181
2910,51,392,288
2910,52,404,312
2910,53,358,382
2910,54,344,383
2910,55,297,302
2910,56,275,437
2910,57,335,278
2910,58,326,429
2920,50,397,159
2920,51,392,288
2920,52,404,312
2920,53,357,419
2920,54,338,416
2920,55,299,336
2920,56,272,437
2920,57,334,306
2920,58,316,394
2930,50,405,139
2930,51,392,288
2930,52,404,312
2930,55,303,363
2930,56,267,437
2930,57,340,338
2930,58,318,361
2940,51,392,288
2940,52,404,312
2940,55,309,395
2940,56,265,437
2940,57,347,373
2940,58,321,330
2950,51,392,288
2950,52,404,312
2950,56,265,437
2950,58,321,298
2960,51,392,288
2960,52,404,312
2960,56,265,437
2960,58,322,269
2970,51,392,288
2970,52,404,312
2970,56,265,437
2970,58,322,240
2980,51,392,288
2980,52,404,312
2980,56,265,437
2980,58,320,212
2990,51,392,288
2990,52,404,312
2990,56,266,437
2990,58,319,185
3000,51,392,288
3000,52,404,312
3000,56,269,438
3000,58,318,159
3010,51,387,285
3010,52,404,312
3010,56,269,438
3010,58,315,134
3010,59,221,130
3010,60,232,127
3020,51,383,284
3020,52,404,312
3020,56,269,438
3020,59,229,146
3020,60,242,144
3030,51,379,288
3030,52,404,312
3030,56,268,438
3030,59,240,166
3030,60,251,162
3040,51,376,289
3040,52,404,312
3040,56,265,438
3040,59,250,183
3040,60,259,180
3050,51,377,290
3050,52,404,312
3050,56,263,438
3050,59,255,202
3050,60,266,200
3060,51,383,282
3060,52,404,312
3060,56,263,438
3060,59,262,224
3060,60,273,222
3070,51,383,282
3070,52,404,311
3070,56,263,432
3070,59,268,242
3070,60,280,240
3080,51,383,282
3080,52,403,311
3080,56,263,432
3080,59,273,265
3080,60,285,261
3090,51,384,282
3090,52,403,311
3090,56,263,432
3090,59,278,289
3090,60,290,285
3100,51,385,282
3100,52,403,311
3100,56,263,432
3100,59,284,312
3100,60,296,308
3100,61,318,431
3110,51,394,278
3110,52,403,311
3110,56,263,432
3110,59,289,336
3110,60,301,332
3110,61,308,412
3110,62,350,417
3120,51,397,273
3120,52,403,311
3120,56,263,432
3120,59,295,362
3120,60,307,358
3120,61,293,394
3120,62,345,389
3130,51,398,271
3130,52,403,311
3130,56,263,430
3130,59,302,388
3130,60,314,384
3130,61,279,369
3130,62,337,362
3140,51,396,271
3140,52,403,311
3140,56,263,430
3140,61,278,342
3140,62,329,337
3150,51,392,273
3150,52,403,311
3150,56,263,430
3150,61,280,321
3150,62,318,313
3160,51,392,273
3160,52,403,311
3160,56,265,430
3160,61,279,298
3160,62,313,288
3170,51,392,273
3170,52,403,311
3170,56,268,432
3170,61,278,275
3170,62,307,265
3170,63,346,375
3180,51,392,273
3180,52,403,311
3180,61,275,254
3180,62,301,244
3180,63,341,349
3190,51,392,273
3190,52,403,311
3190,61,270,231
3190,62,293,222
3190,63,329,326
3200,51,392,273
3200,52,403,309
3200,61,265,211
3200,62,285,202
3200,63,320,304
3210,51,392,273
3210,52,402,309
3210,61,263,196
3210,62,279,183
3210,63,313,281
3220,51,392,273
3220,52,402,309
3220,61,256,176
3220,62,272,163
3220,63,307,259
3230,51,392,273
3230,52,402,309
3230,61,247,158
3230,62,264,145
3230,63,299,239
3240,51,392,273
3240,52,402,309
3240,61,238,140
3240,62,255,128
3240,63,293,219
3650,64,293,290
3650,65,360,219
3650,66,382,217
3650,67,381,162
3650,68,198,112
3660,64,285,269
3660,65,360,204
3660,66,382,201
3660,67,390,146
3660,68,211,127
3670,64,277,247
3670,65,357,186
3670,66,373,185
3670,67,402,130
3670,68,222,148
3680,64,271,224
3680,68,232,168
3690,64,268,201
3690,68,242,189
3700,64,261,179
3700,68,247,211
3710,64,255,161
3710,68,257,236
3720,64,250,145
3720,68,266,264
3730,64,242,129
3730,68,278,286
3740,68,288,312
3750,68,298,340
3760,68,309,366
4170,69,298,337
4180,69,290,310
4190,69,283,284
4200,69,275,256
4200,70,291,95
4200,71,308,100
4200,72,324,96
4200,73,340,95
4210,69,271,235
4210,70,291,115
4210,71,309,119
4210,72,324,116
4210,73,339,110
4220,69,268,211
4220,70,295,131
4220,71,310,133
4220,72,322,135
4220,73,338,129
4230,69,263,187
4230,70,296,150
4230,71,311,152
4230,72,321,151
4230,73,338,146
4230,74,308,408
4230,75,325,407
4230,76,338,393
4240,69,258,166
4240,70,298,170
4240,71,311,170
4240,72,325,170
4240,73,339,165
4240,74,301,387
4240,75,323,382
4240,76,334,367
4250,69,255,142
4250,70,299,186
4250,71,314,183
4250,72,326,189
4250,73,342,183
4250,74,296,364
4250,75,314,359
4250,76,326,344
4260,70,302,207
4260,71,314,200
4260,72,325,205
4260,73,341,201
4260,74,290,341
4260,75,307,338
4260,76,320,323
4270,70,306,219
4270,71,318,214
4270,72,329,222
4270,73,343,222
4270,74,282,321
4270,75,297,319
4270,76,309,302
4280,70,309,237
4280,71,322,229
4280,72,332,247
4280,73,349,242
4280,74,274,301
4280,75,290,299
4280,76,303,282
4290,70,312,255
4290,71,324,241
4290,72,334,268
4290,73,349,261
4290,74,264,279
4290,75,284,280
4290,76,295,264
4300,70,315,272
4300,71,328,260
4300,72,334,289
4300,73,350,286
4300,74,260,261
4300,75,280,260
4300,76,291,244
4310,70,316,295
4310,71,332,280
4310,72,337,310
4310,73,353,308
4310,74,253,239
4310,75,274,239
4310,76,286,225
4310,77,297,417
4310,78,302,103
4320,70,315,310
4320,71,335,299
4320,72,337,330
4320,73,352,332
4320,74,247,221
4320,75,268,221
4320,76,276,207
4320,77,291,388
4320,78,306,122
4330,70,321,331
4330,71,338,319
4330,72,339,354
4330,73,352,355
4330,74,244,201
4330,75,263,201
4330,76,270,186
4330,77,282,355
4330,78,311,143
4340,70,324,352
4340,71,339,341
4340,72,335,380
4340,73,352,381
4340,74,240,182
4340,75,258,182
4340,76,264,167
4340,77,277,327
4340,78,316,163
4340,79,304,87
4350,70,322,373
4350,71,342,361
4350,72,330,404
4350,73,348,407
4350,74,232,166
4350,75,251,164
4350,76,258,147
4350,77,272,300
4350,78,319,184
4350,79,306,100
4360,74,224,147
4360,75,242,148
4360,76,248,131
4360,77,267,271
4360,78,324,203
4360,79,306,113
4360,80,321,100
4370,74,216,132
4370,75,232,133
4370,76,239,118
4370,77,265,250
4370,78,327,227
4370,79,309,128
4370,80,326,120
4380,77,263,221
4380,78,329,250
4380,79,309,141
4380,80,328,141
4390,77,259,198
4390,78,329,273
4390,79,311,155
4390,80,334,161
4400,77,257,174
4400,78,329,300
4400,79,314,170
4400,80,336,189
4410,77,254,152
4410,78,330,328
4410,79,320,186
4410,80,333,212
4420,77,252,131
4420,78,331,356
4420,79,324,201
4420,80,336,236
4430,77,252,111
4430,78,330,385
4430,79,328,218
4430,80,336,263
4430,81,302,72
4440,79,331,234
4440,80,333,289
4440,81,303,92
4450,79,331,253
4450,80,330,315
4450,81,305,114
4460,79,332,271
4460,80,329,345
4460,81,308,136
4470,79,333,292
4470,80,332,376
4470,81,310,158
4470,82,344,84
4480,79,333,312
4480,80,335,405
4480,81,311,179
4480,82,346,104
4490,79,336,332
4490,81,312,203
4490,82,348,123
4500,79,337,354
4500,81,313,229
4500,82,347,145
4510,79,337,374
4510,81,313,253
4510,82,345,165
4520,79,338,396
4520,81,315,280
4520,82,344,186
4530,81,315,307
4530,82,343,207
4540,81,315,336
4540,82,343,230
4550,81,318,365
4550,82,342,255
4560,81,322,395
4560,82,340,279
4570,82,336,303
4580,82,333,329
4590,82,330,356
4600,82,328,385
4600,83,305,398
4610,83,301,372
4620,83,298,345
4630,83,298,321
4640,83,296,299
4640,84,390,138
4640,85,405,146
4650,83,294,276
4650,84,384,153
4650,85,399,160
4660,83,290,255
4660,84,377,169
4660,85,392,175
4670,83,286,235
4670,84,369,186
4670,85,385,193
4680,83,283,215
4680,84,362,203
4680,85,378,211
4690,83,277,195
4690,84,351,221
4690,85,370,227
4700,83,275,175
4700,84,343,239
4700,85,364,247
4710,83,273,157
4710,84,335,257
4710,85,361,266
4710,86,300,397
4720,83,271,137
4720,84,330,277
4720,85,358,288
4720,86,292,366
4720,87,315,414
4730,83,270,118
4730,84,328,297
4730,85,359,303
4730,86,281,339
4730,87,305,385
4730,88,316,106
4730,89,337,109
4730,90,404,145
4740,84,326,317
4740,85,356,325
4740,86,273,312
4740,87,298,356
4740,88,318,127
4740,89,335,129
4740,90,396,167
4750,84,325,338
4750,85,351,341
4750,86,267,286
4750,87,287,331
4750,88,317,147
4750,89,336,149
4750,90,389,192
4750,91,322,418
4760,84,325,360
4760,85,349,364
4760,86,260,259
4760,87,281,304
4760,88,319,169
4760,89,339,171
4760,90,382,216
4760,91,315,392
4770,84,323,382
4770,85,345,390
4770,86,255,236
4770,87,277,278
4770,88,320,190
4770,89,340,191
4770,90,371,241
4770,91,305,368
4780,84,315,405
4780,85,345,412
4780,86,250,210
4780,87,270,255
4780,88,324,212
4780,89,341,212
4780,90,361,269
4780,91,296,344
4790,86,242,188
4790,87,266,238
4790,88,326,236
4790,89,342,236
4790,90,355,300
4790,91,289,320
4800,86,233,168
4800,87,261,209
4800,88,323,259
4800,89,343,259
4800,90,349,329
4800,91,282,296
4810,86,222,153
4810,87,256,187
4810,88,325,282
4810,89,344,284
4810,90,342,359
4810,91,279,274
4810,92,302,119
4810,93,315,117
4810,94,346,103
4820,86,208,137
4820,87,250,171
4820,88,322,305
4820,89,343,309
4820,90,337,389
4820,91,275,252
4820,92,305,137
4820,93,317,135
4820,94,345,119
4820,95,220,127
4830,86,197,119
4830,87,247,152
4830,88,321,329
4830,89,341,338
4830,91,271,229
4830,92,302,152
4830,93,318,153
4830,94,342,134
4830,95,228,146
4840,86,184,110
4840,87,239,136
4840,88,317,353
4840,89,340,362
4840,91,267,209
4840,92,303,171
4840,93,319,172
4840,94,341,152
4840,95,234,167
4850,86,168,100
4850,87,226,120
4850,88,314,376
4850,89,338,386
4850,91,261,189
4850,92,303,191
4850,93,319,192
4850,94,341,169
4850,95,242,187
4860,86,151,91
4860,87,216,106
4860,88,312,399
4860,89,335,412
4860,91,254,170
4860,92,303,211
4860,93,319,212
4860,94,341,187
4860,95,255,212
4870,86,134,82
4870,87,201,95
4870,91,245,152
4870,92,306,231
4870,93,318,234
4870,94,340,206
4870,95,260,236
4880,91,235,136
4880,92,304,250
4880,93,319,256
4880,94,338,225
4880,95,268,262
4890,92,303,270
4890,93,321,276
4890,94,336,244
4890,95,273,291
4890,96,313,91
4900,92,303,292
4900,93,323,296
4900,94,336,264
4900,95,277,321
4900,96,312,112
4910,92,306,315
4910,93,323,318
4910,94,333,284
4910,95,283,350
4910,96,313,134
4910,97,364,412
4920,92,308,337
4920,93,325,342
4920,94,332,304
4920,95,290,378
4920,96,315,156
4920,97,367,391
4930,92,308,360
4930,93,325,365
4930,94,331,324
4930,95,299,406
4930,96,317,177
4930,97,368,369
4940,92,309,383
4940,93,324,383
4940,94,330,345
4940,95,306,430
4940,96,320,201
4940,97,366,347
4940,98,366,431
4940,99,348,438
4950,92,309,406
4950,93,323,406
4950,94,330,365
4950,96,324,223
4950,97,362,326
4950,98,367,412
4950,99,350,416
4960,92,309,429
4960,93,324,416
4960,94,328,384
4960,96,325,247
4960,97,356,306
4960,98,368,394
4960,99,351,397
4960,100,359,433
4970,93,319,437
4970,94,327,402
4970,96,326,273
4970,97,352,287
4970,98,369,374
4970,99,352,376
4970,100,361,416
4970,101,351,432
4980,96,328,294
4980,97,346,269
4980,98,368,356
4980,99,348,358
4980,100,369,397
4980,101,351,402
5120,103,273,202
5120,104,297,203
5120,105,319,196
5120,106,338,230
5120,107,352,225
5120,108,394,196
5120,109,296,105
5120,110,311,105
5130,103,264,189
5130,104,286,184
5130,105,306,180
5130,106,327,215
5130,107,336,208
5130,108,398,167
5130,109,301,122
5130,110,315,122
5140,103,254,176
5140,104,276,173
5140,105,295,165
5140,106,314,200
5140,107,326,194
5140,108,401,149
5140,109,308,136
5140,110,321,135
5150,103,245,162
5150,104,265,160
5150,105,283,150
5150,106,298,190
5150,107,310,181
5150,108,408,134
5150,109,315,153
5150,110,327,153
5160,103,235,147
5160,104,254,145
5160,105,272,134
5160,106,282,180
5160,107,294,166
5160,108,416,118
5160,109,320,169
5160,110,332,169
5160,111,198,122
5170,103,228,132
5170,104,246,129
5170,105,257,122
5170,106,270,163
5170,107,283,155
5170,108,429,104
5170,109,321,183
5170,110,334,186
5170,111,206,137
5180,103,216,120
5180,104,230,116
5180,105,242,109
5180,106,257,151
5180,107,266,145
5180,109,323,202
5180,110,335,204
5180,111,218,153
5190,109,324,220
5190,110,336,222
5190,111,222,167
5200,109,324,240
5200,110,336,242
5200,111,227,184
5210,109,324,260
5210,110,336,263
5210,111,236,200
5220,109,324,280
5220,110,336,283
5220,111,243,218
5220,112,323,431
5230,109,324,301
5230,110,336,304
5230,111,247,237
5230,112,315,401
5240,109,325,323
5240,110,337,326
5240,111,249,257
5240,112,306,368
5250,109,325,345
5250,110,334,349
5250,111,250,278
5250,112,301,337
5260,109,325,366
5260,110,339,373
5260,111,249,295
5260,112,301,306
5270,109,324,389
5270,110,339,396
5270,111,253,319
5270,112,301,279
5280,109,323,412
5280,110,338,419
5280,111,260,337
5280,112,300,252
5290,111,268,361
5290,112,300,227
5300,111,281,380
5300,112,299,203
5310,112,296,179
5320,112,294,156
5330,112,292,134
5400,113,353,424
5410,113,353,406
5410,114,313,419
5420,113,352,387
5420,114,307,401
5430,113,350,366
5430,114,299,384
5430,115,208,119
5440,113,349,345
5440,114,293,371
5450,113,348,325
5450,114,288,357
5450,116,235,160
5460,113,346,305
5460,114,283,344
5460,116,246,181
5470,113,342,286
5470,114,279,325
5470,116,258,206
5470,117,216,103
5480,113,341,268
5480,114,276,311
5480,116,271,229
5480,117,234,115
5490,113,342,249
5490,114,266,289
5490,116,280,255
5490,117,246,125
5490,118,190,104
5500,113,341,231
5500,114,258,267
5500,116,286,284
5500,117,258,141
5500,118,204,116
5510,113,343,213
5510,114,254,247
5510,116,293,310
5510,117,268,155
5510,118,219,131
5520,113,345,196
5520,114,249,229
5520,116,298,338
5520,117,276,174
5520,118,232,145
5530,113,347,179
5530,114,245,208
5530,116,301,368
5530,117,280,194
5530,118,247,159
5540,113,350,163
5540,114,240,186
5540,116,308,398
5540,117,284,218
5540,118,258,176
5550,113,350,146
5550,114,232,165
5550,117,286,239
5550,118,266,196
5550,119,350,438
5560,113,351,131
5560,114,223,149
5560,117,288,262
5560,118,270,217
5560,119,359,408
5570,113,350,117
5570,114,212,130
5570,117,293,285
5570,118,275,237
5570,119,368,389
5580,117,296,310
5580,118,282,259
5580,119,376,374
5590,117,301,335
5590,118,289,281
5590,119,382,353
5600,117,309,362
5600,118,295,305
5600,119,385,330
5610,117,315,388
5610,118,302,330
5610,119,382,305
5620,117,316,415
5620,118,309,355
5620,119,382,282
5620,120,352,416
6230,121,336,380
6230,122,355,378
6240,121,341,356
6240,122,360,355
6250,121,344,333
6250,122,363,332
6260,121,349,307
6260,122,366,310
6270,121,353,286
6270,122,370,289
6280,121,355,266
6280,122,372,270
6290,121,358,246
6290,122,375,250
6300,121,360,227
6300,122,377,232
6310,121,366,206
6310,122,380,208
6320,121,370,187
6320,122,383,189
6330,121,373,169
6330,122,386,171
6340,121,380,152
6340,122,393,155
6340,123,306,98
6350,121,387,136
6350,122,402,140
6350,123,304,113
6350,124,350,330
6360,121,395,121
6360,122,411,126
6360,123,299,127
6360,124,348,302
6370,123,298,146
6370,124,343,275
6380,123,298,164
6380,124,337,250
6390,123,297,183
6390,124,332,225
6400,123,296,203
6400,124,328,202
6400,125,292,103
6410,123,295,222
6410,124,322,179
6410,125,293,123
6420,123,294,243
6420,124,315,158
6420,125,292,143
6420,126,328,48
6420,127,347,42
6430,123,292,263
6430,124,304,138
6430,125,294,163
6430,126,331,63
6430,127,350,57
6440,123,294,285
6440,124,290,121
6440,125,295,184
6440,126,334,80
6440,127,353,73
6450,123,295,306
6450,125,295,206
6450,126,334,96
6450,127,353,89
6460,123,302,327
6460,125,294,226
6460,126,332,116
6460,127,352,110
6470,123,309,349
6470,125,294,250
6470,126,333,131
6470,127,351,129
6480,123,312,372
6480,125,295,273
6480,126,329,147
6480,127,351,147
6480,128,298,112
6490,123,316,396
6490,125,295,299
6490,126,327,167
6490,127,350,167
6490,128,294,136
6500,123,320,422
6500,125,296,324
6500,126,324,187
6500,127,348,186
6500,128,290,162
6510,125,297,349
6510,126,320,206
6510,127,343,205
6510,128,286,184
6520,125,298,375
6520,126,317,226
6520,127,339,225
6520,128,282,208
6530,125,306,402
6530,126,314,246
6530,127,338,245
6530,128,278,233
6540,126,315,266
6540,127,337,265
6540,128,276,258
6550,126,314,285
6550,127,338,286
6550,128,276,283
6560,126,313,306
6560,127,338,306
6560,128,278,307
6570,126,311,326
6570,127,339,329
6570,128,280,330
6580,126,310,346
6580,127,341,350
6580,128,281,353
6590,126,312,365
6590,127,343,371
6590,128,290,382
6590,129,291,446
6600,126,311,384
6600,127,344,392
6600,128,301,414
6600,129,277,448
6800,130,284,375
6800,131,309,384
6810,130,280,353
6810,131,303,357
6810,132,335,413
6820,130,277,331
6820,131,298,332
6820,132,336,383
6830,130,273,310
6830,131,293,306
6830,132,337,353
6830,133,316,391
6840,130,268,292
6840,131,290,281
6840,132,338,325
6840,133,313,359
6840,134,429,108
6840,135,188,106
6840,136,339,425
6850,130,262,270
6850,131,287,257
6850,132,337,297
6850,133,310,325
6850,134,417,129
6850,135,204,117
6850,136,347,401
6860,130,260,249
6860,131,283,234
6860,132,335,271
6860,133,307,296
6860,134,406,149
6860,135,218,132
6860,136,352,373
6870,130,258,227
6870,131,280,211
6870,132,335,244
6870,133,302,268
6870,134,399,172
6870,135,227,149
6870,136,355,346
6870,137,318,434
6880,130,262,206
6880,131,277,189
6880,132,334,220
6880,133,300,236
6880,134,398,195
6880,135,234,164
6880,136,355,321
6880,137,310,410
6890,130,260,185
6890,131,273,167
6890,132,334,193
6890,133,296,214
6890,134,393,222
6890,135,243,181
6890,136,356,295
6890,137,300,384
6890,138,329,412
6890,139,312,430
6900,130,255,166
6900,131,266,149
6900,132,335,169
6900,133,289,192
6900,134,388,247
6900,135,250,201
6900,136,358,269
6900,137,296,358
6900,138,326,384
6900,139,308,401
6910,130,248,148
6910,131,259,131
6910,132,335,148
6910,133,283,169
6910,134,385,272
6910,135,254,219
6910,136,365,245
6910,137,290,337
6910,138,328,358
6910,139,306,371
6920,130,235,130
6920,131,249,116
6920,132,333,124
6920,133,278,151
6920,134,377,300
6920,135,259,237
6920,136,371,220
6920,137,289,314
6920,138,327,332
6920,139,305,343
6930,130,224,113
6930,131,236,101
6930,132,330,104
6930,133,270,129
6930,134,369,328
6930,135,261,254
6930,136,379,197
6930,137,288,291
6930,138,326,308
6930,139,306,315
6930,140,165,91
6940,130,210,99
6940,131,223,86
6940,132,333,85
6940,133,261,108
6940,134,360,356
6940,135,265,277
6940,136,388,175
6940,137,287,271
6940,138,324,284
6940,139,305,291
6940,140,182,101
6950,130,194,90
6950,131,208,77
6950,132,337,66
6950,133,250,90
6950,134,351,386
6950,135,273,297
6950,136,395,158
6950,137,287,246
6950,138,324,258
6950,139,305,265
6950,140,199,113
6960,134,344,416
6960,135,285,317
6960,136,403,135
6960,137,284,227
6960,138,324,236
6960,139,307,241
6960,140,211,131
6970,135,298,336
6970,136,411,118
6970,137,285,206
6970,138,326,216
6970,139,308,219
6970,140,223,145
6980,135,303,360
6980,136,424,102
6980,137,281,186
6980,138,327,197
6980,139,310,197
6980,140,231,166
6980,141,422,79
6980,142,282,53
6980,143,304,55
6990,135,308,386
6990,136,436,82
6990,137,280,169
6990,138,327,179
6990,139,310,177
6990,140,240,184
6990,141,406,101
6990,142,283,68
6990,143,305,71
7000,135,315,415
7000,137,278,147
7000,138,332,162
7000,139,311,157
7000,140,246,204
7000,141,396,123
7000,142,284,82
7000,143,305,90
7010,137,273,131
7010,138,336,143
7010,139,315,136
7010,140,256,224
7010,141,387,147
7010,142,288,101
7010,143,306,106
7020,137,265,110
7020,138,341,120
7020,139,320,119
7020,140,262,246
7020,141,379,170
7020,142,288,118
7020,143,304,120
7030,137,262,90
7030,138,343,104
7030,139,317,95
7030,140,271,269
7030,141,375,195
7030,142,288,140
7030,143,305,139
7040,140,278,296
7040,141,370,221
7040,142,289,160
7040,143,306,159
7050,140,284,320
7050,141,364,248
7050,142,290,181
7050,143,308,180
7060,140,291,346
7060,141,359,277
7060,142,293,202
7060,143,316,200
7070,140,299,374
7070,141,352,306
7070,142,297,223
7070,143,316,222
7080,140,302,402
7080,141,341,335
7080,142,300,244
7080,143,319,243
7090,140,310,428
7090,141,334,366
7090,142,301,267
7090,143,321,266
7100,141,332,399
7100,142,303,289
7100,143,322,287
7110,142,304,305
7110,143,324,300
7110,144,295,134
7120,142,307,325
7120,143,324,317
7120,144,299,156
7130,142,309,351
7130,143,317,332
7130,144,303,182
7140,142,316,375
7140,143,304,351
7140,144,307,206
7150,142,315,403
7150,143,296,379
7150,144,313,230
7160,142,322,424
7160,143,299,407
7160,144,316,263
7170,144,320,293
7180,144,320,323
7190,144,321,356
7200,144,323,388
7310,145,270,136
7310,146,288,128
7320,145,272,157
7320,146,289,152
7320,147,346,98
7330,145,272,178
7330,146,290,173
7330,147,343,119
7340,145,273,200
7340,146,292,195
7340,147,344,140
7350,145,275,223
7350,146,294,218
7350,147,344,161
7360,145,277,247
7360,146,296,242
7360,147,343,183
7370,145,278,273
7370,146,298,268
7370,147,341,206
7370,148,221,106
7380,145,281,298
7380,146,302,293
7380,147,338,226
7380,148,238,119
7380,149,361,401
7380,150,342,441
7390,145,284,325
7390,146,307,319
7390,147,334,250
7390,148,251,133
7390,149,364,374
7390,150,348,409
7400,145,290,353
7400,146,313,347
7400,147,331,278
7400,148,262,153
7400,149,373,350
7400,150,349,376
7400,151,334,426
7410,145,297,378
7410,146,320,375
7410,147,327,305
7410,148,270,173
7410,149,375,324
7410,150,350,347
7410,151,339,394
7420,145,305,408
7420,146,324,403
7420,147,322,329
7420,148,278,195
7420,149,372,296
7420,150,351,317
7420,151,337,368
7430,147,322,358
7430,148,282,213
7430,149,372,272
7430,150,349,289
7430,151,337,343
7430,152,310,81
7440,147,326,387
7440,148,286,236
7440,149,376,250
7440,150,345,266
7440,151,340,318
7440,152,312,102
7450,147,326,415
7450,148,288,261
7450,149,371,227
7450,150,346,240
7450,151,340,295
7450,152,313,124
7460,148,289,286
7460,149,369,204
7460,150,351,215
7460,151,343,271
7460,152,314,147
7460,153,285,90
7460,154,300,90
7460,155,337,63
7470,148,292,311
7470,149,368,181
7470,150,353,192
7470,151,348,246
7470,152,315,170
7470,153,286,111
7470,154,302,109
7470,155,335,83
7480,148,297,338
7480,149,369,160
7480,150,353,172
7480,151,354,224
7480,152,316,193
7480,153,285,133
7480,154,299,129
7480,155,334,105
7490,148,301,366
7490,149,367,137
7490,150,351,150
7490,151,358,202
7490,152,319,218
7490,153,286,156
7490,154,300,152
7490,155,330,126
7500,148,305,394
7500,149,366,115
7500,150,344,129
7500,151,357,180
7500,152,323,244
7500,153,289,180
7500,154,303,176
7500,155,328,153
7510,148,307,421
7510,152,327,272
7510,153,289,205
7510,154,309,199
7510,155,330,173
7520,152,334,299
7520,153,292,230
7520,154,313,224
7520,155,332,197
7530,152,330,330
7530,153,295,256
7530,154,315,251
7530,155,333,221
7540,152,332,362
7540,153,295,283
7540,154,315,278
7540,155,337,247
7550,152,335,394
7550,153,297,310
7550,154,317,305
7550,155,340,275
7560,153,300,338
7560,154,320,333
7560,155,341,303
7570,153,302,368
7570,154,321,363
7570,155,342,332
7580,153,304,397
7580,154,322,392
7580,155,342,359
7580,156,357,424
7590,153,306,422
7590,154,323,421
7590,155,341,389
7590,156,361,390
7600,156,355,363
7610,156,353,331
7620,156,351,303
7630,156,345,277
7630,157,226,152
7640,156,339,251
7640,157,238,170
7650,156,336,226
7650,157,246,188
7660,156,334,199
7660,157,253,207
7670,156,332,174
7670,157,259,230
7680,156,331,155
7680,157,263,253
7690,156,332,130
7690,157,272,277
7700,156,334,109
7700,157,278,301
7710,157,287,324
7720,157,295,348
7730,157,301,374
7740,157,305,401
7760,159,311,142
7770,159,312,164
7770,160,329,404
7780,159,311,184
7780,160,319,375
7790,159,312,207
7790,160,315,354
7790,161,215,119
7790,162,341,406
7800,159,312,228
7800,160,308,327
7800,161,226,136
7800,162,341,376
7810,159,313,252
7810,160,301,303
7810,161,235,156
7810,162,342,345
7810,163,318,421
7820,159,314,275
7820,160,294,283
7820,161,243,176
7820,162,342,315
7820,163,308,391
7820,164,296,91
7830,159,315,299
7830,160,285,258
7830,161,252,196
7830,162,340,287
7830,163,298,365
7830,164,289,116
7840,159,317,321
7840,160,278,237
7840,161,258,220
7840,162,338,259
7840,163,291,328
7840,164,285,137
7850,159,320,347
7850,160,276,215
7850,161,261,242
7850,162,337,233
7850,163,291,300
7850,164,286,163
7860,159,324,373
7860,160,268,196
7860,161,267,267
7860,162,338,207
7860,163,286,274
7860,164,289,190
7860,166,202,118
7870,159,328,401
7870,160,263,176
7870,161,273,293
7870,162,338,183
7870,163,280,249
7870,164,297,216
7870,166,217,137
7880,159,332,428
7880,160,259,158
7880,161,284,318
7880,162,341,160
7880,163,275,227
7880,164,304,241
7880,166,228,156
7880,167,283,406
7890,160,252,138
7890,161,296,343
7890,162,343,136
7890,163,270,203
7890,164,310,267
7890,166,242,177
7890,167,274,384
7900,160,251,118
7900,161,306,371
7900,162,343,114
7900,163,263,183
7900,164,311,292
7900,166,252,202
7900,167,267,357
7910,160,251,97
7910,161,318,398
7910,162,342,95
7910,163,252,163
7910,164,315,322
7910,166,262,225
7910,167,268,334
7920,160,254,77
7920,161,327,426
7920,162,342,73
7920,163,240,145
7920,164,317,352
7920,166,271,249
7920,167,258,306
7930,160,260,63
7930,162,339,55
7930,163,230,131
7930,164,319,383
7930,166,280,277
7930,167,255,285
7940,163,210,115
7940,164,321,417
7940,166,286,305
7940,167,253,265
7950,166,292,335
7950,167,251,242
7960,166,300,366
7960,167,247,223
7970,166,308,398
7970,167,245,205
8100,168,255,267
8110,168,253,241
8120,168,255,215
8120,169,301,99
8120,170,201,113
8120,171,377,126
8130,168,257,192
8130,169,305,119
8130,170,212,127
8130,171,376,125
8140,168,255,171
8140,169,307,146
8140,170,221,142
8140,171,377,121
8150,168,251,150
8150,169,311,171
8150,170,230,159
8150,171,378,118
8160,168,239,129
8160,169,315,197
8160,170,240,176
8160,171,375,115
8160,172,217,131
8170,169,318,223
8170,170,250,194
8170,171,373,110
8170,172,228,146
8180,169,321,252
8180,170,261,211
8180,171,375,103
8180,172,238,165
8190,169,325,280
8190,170,271,228
8190,171,376,103
8190,172,248,183
8200,169,327,310
8200,170,279,246
8200,171,374,95
8200,172,257,203
8210,169,328,342
8210,170,288,266
8210,171,379,89
8210,172,265,226
8220,169,328,375
8220,170,292,291
8220,171,379,89
8220,172,273,247
8230,169,328,408
8230,170,297,314
8230,171,379,89
8230,172,281,271
8230,173,307,92
8240,169,332,447
8240,170,304,340
8240,171,379,89
8240,172,289,295
8240,173,307,112
8250,170,310,371
8250,171,377,88
8250,172,295,320
8250,173,312,134
8260,170,315,400
8260,171,376,88
8260,172,300,346
8260,173,313,157
8270,170,319,430
8270,171,381,93
8270,172,306,372
8270,173,316,181
8280,171,383,99
8280,172,312,400
8280,173,321,203
8290,171,383,106
8290,172,320,428
8290,173,323,226
8290,174,477,72
8290,175,199,115
8300,171,380,109
8300,173,325,253
8300,174,457,82
8300,175,212,128
8310,171,380,110
8310,173,327,280
8310,174,440,94
8310,175,223,143
8320,171,380,110
8320,173,326,307
8320,174,424,109
8320,175,232,159
8330,171,380,110
8330,173,323,337
8330,174,415,122
8330,175,241,178
8340,171,380,110
8340,173,319,367
8340,174,406,138
8340,175,248,195
8350,171,380,110
8350,173,316,398
8350,174,398,157
8350,175,256,217
8360,171,380,110
8360,173,317,432
8360,174,392,181
8360,175,261,237
8370,171,374,102
8370,174,387,202
8370,175,266,257
8380,171,373,100
8380,174,383,223
8380,175,271,280
8380,176,340,394
8380,177,350,138
8380,178,313,129
8380,179,286,135
8390,171,373,94
8390,174,380,246
8390,175,278,303
8390,176,340,357
8390,177,352,158
8390,178,313,149
8390,179,287,154
8400,171,369,90
8400,174,375,270
8400,175,286,327
8400,176,341,323
8400,177,355,181
8400,178,315,171
8400,179,290,173
8400,180,287,130
8400,181,301,123
8400,182,320,118
8400,183,334,103
8400,184,345,109
8410,171,365,87
8410,174,370,294
8410,175,296,351
8410,176,342,290
8410,177,359,202
8410,178,318,191
8410,179,292,193
8410,180,287,150
8410,181,299,143
8410,182,323,142
8410,183,335,123
8410,184,351,132
8420,171,365,87
8420,174,364,318
8420,175,305,375
8420,176,343,259
8420,177,363,224
8420,178,320,214
8420,179,293,213
8420,180,288,169
8420,181,300,162
8420,182,324,166
8420,183,334,147
8420,184,355,154
8430,171,365,87
8430,174,356,344
8430,175,312,402
8430,176,346,230
8430,177,364,247
8430,178,321,236
8430,179,296,237
8430,180,288,190
8430,181,299,184
8430,182,325,192
8430,183,332,172
8430,184,361,178
8440,171,365,87
8440,174,349,369
8440,175,319,432
8440,176,346,201
8440,177,361,271
8440,178,323,260
8440,179,299,259
8440,180,287,212
8440,181,297,208
8440,182,326,218
8440,183,331,198
8440,184,368,203
8450,171,365,87
8450,174,342,395
8450,176,343,171
8450,177,360,294
8450,178,323,283
8450,179,304,284
8450,180,288,232
8450,181,298,228
8450,182,327,245
8450,183,335,226
8450,184,370,231
8460,171,366,85
8460,174,335,418
8460,176,340,147
8460,177,361,319
8460,178,323,308
8460,179,307,307
8460,180,289,253
8460,181,300,249
8460,182,330,272
8460,183,340,254
8460,184,367,258
8460,185,332,105
8460,186,345,83
8460,187,382,83
8460,188,397,85
8470,171,365,85
8470,176,339,124
8470,177,364,344
8470,178,324,332
8470,179,309,330
8470,180,290,275
8470,181,301,271
8470,182,332,299
8470,183,342,281
8470,184,366,285
8470,185,327,120
8470,186,348,100
8470,187,380,100
8470,188,395,102
8480,171,366,83
8480,176,337,97
8480,177,359,374
8480,178,326,359
8480,179,307,358
8480,180,292,301
8480,181,303,294
8480,182,336,329
8480,183,344,308
8480,184,367,315
8480,185,322,143
8480,186,354,122
8480,187,376,119
8480,188,393,122
8480,189,374,411
8490,171,366,83
8490,177,354,404
8490,178,329,384
8490,179,307,387
8490,180,294,326
8490,181,305,319
8490,182,341,360
8490,183,346,337
8490,184,366,344
8490,185,326,162
8490,186,352,144
8490,187,372,138
8490,188,390,141
8490,189,384,376
8500,171,366,83
8500,178,332,410
8500,179,310,412
8500,180,296,350
8500,181,308,343
8500,182,343,388
8500,183,347,365
8500,184,368,371
8500,185,326,185
8500,186,348,166
8500,187,369,157
8500,188,386,160
8500,189,374,338
8500,190,273,121
8510,171,366,83
8510,178,335,440
8510,179,314,433
8510,180,299,375
8510,181,311,368
8510,182,342,418
8510,183,345,391
8510,184,363,405
8510,185,328,206
8510,186,344,188
8510,187,368,179
8510,188,384,180
8510,189,351,302
8510,190,279,140
8510,191,235,172
8520,171,366,83
8520,180,303,400
8520,181,315,393
8520,182,343,441
8520,183,342,414
8520,184,360,427
8520,185,332,228
8520,186,341,206
8520,187,365,201
8520,188,379,201
8520,189,320,263
8520,190,286,158
8520,191,245,195
8530,171,366,83
8530,180,308,421
8530,181,321,414
8530,183,339,436
8530,185,332,251
8530,186,338,224
8530,187,361,221
8530,188,377,221
8530,189,288,221
8530,190,293,178
8530,191,250,215
8540,171,366,83
8540,180,311,440
8540,181,326,432
8540,185,331,277
8540,186,339,245
8540,187,359,240
8540,188,374,243
8540,189,260,179
8540,190,300,199
8540,191,259,242
8550,171,367,91
8550,180,314,451
8550,185,327,301
8550,186,333,270
8550,187,356,261
8550,188,369,265
8550,189,234,139
8550,190,304,221
8550,191,265,268
8560,171,361,93
8560,185,325,327
8560,186,328,293
8560,187,352,283
8560,188,365,287
8560,189,202,104
8560,190,307,243
8560,191,269,295
8570,171,360,95
8570,185,325,355
8570,186,322,315
8570,187,350,304
8570,188,362,308
8570,190,311,266
8570,191,274,322
8580,171,362,104
8580,185,328,382
8580,186,322,336
8580,187,347,325
8580,188,363,335
8580,190,315,289
8580,191,287,350
8590,171,361,111
8590,185,331,411
8590,186,319,357
8590,187,344,347
8590,188,360,357
8590,190,318,312
8590,191,295,380
8600,171,363,120
8600,185,330,442
8600,186,313,378
8600,187,342,368
8600,188,358,379
8600,190,320,337
8600,191,306,407
8610,171,364,128
8610,186,315,400
8610,187,339,389
8610,188,355,400
8610,190,324,361
8610,191,316,437
8620,171,364,136
8630,171,366,145
8640,171,366,153
8650,171,365,159
8660,171,368,168
8670,171,369,176
8680,171,370,183
8690,171,373,191
8700,171,374,200
8710,171,376,210
8710,192,363,356
8710,193,380,353
8720,171,379,219
8720,192,365,331
8720,193,382,328
8730,171,382,227
8730,192,366,307
8730,193,382,305
8740,171,386,235
8740,192,363,283
8740,193,379,281
8750,171,388,242
8750,192,359,261
8750,193,375,259
8760,171,391,249
8760,192,357,239
8760,193,373,238
8770,171,393,260
8770,192,357,217
8770,193,373,216
8780,171,392,270
8780,192,361,196
8780,193,377,195
8790,171,390,280
8790,192,370,174
8790,193,382,174
8800,171,391,286
8800,192,378,156
8800,193,396,164
8810,171,391,286
8810,192,389,138
8810,193,403,147
8820,171,380,292
8830,171,378,293
8840,171,378,293
8850,171,378,293
8860,171,378,293
8860,194,303,153
8870,171,378,292
8870,194,304,174
8880,171,380,289
8880,194,305,197
8890,171,377,283
8890,194,307,219
8890,195,313,433
8900,171,374,276
8900,194,309,243
8900,195,303,410
8910,171,374,268
8910,194,310,269
8910,195,296,388
8910,196,317,432
8910,197,341,425
8920,171,372,260
8920,194,312,294
8920,195,292,360
8920,196,309,409
8920,197,339,400
8930,171,371,251
8930,194,313,318
8930,195,289,342
8930,196,306,388
8930,197,332,382
8940,171,371,242
8940,194,323,334
8940,195,285,319
8940,196,300,368
8940,197,325,369
8940,198,352,408
8940,199,291,120
8950,171,370,233
8950,194,333,349
8950,195,283,298
8950,196,296,349
8950,197,316,357
8950,198,360,383
8950,199,294,142
8950,200,307,425
8960,171,371,223
8960,194,337,370
8960,195,280,278
8960,196,292,332
8960,197,310,337
8960,198,367,360
8960,199,297,165
8960,200,295,405
8960,201,363,412
8970,171,373,215
8970,194,337,395
8970,195,276,259
8970,196,286,315
8970,197,307,319
8970,198,368,337
8970,199,302,189
8970,200,285,385
8970,201,373,383
8970,202,324,437
8980,171,374,206
8980,195,272,240
8980,196,284,297
8980,197,304,297
8980,198,368,313
8980,199,307,213
8980,200,278,364
8980,201,379,358
8980,202,319,412
8980,203,304,415
8990,171,374,196
8990,195,269,220
8990,196,279,278
8990,197,298,277
8990,198,368,290
8990,199,314,238
8990,200,274,344
8990,201,385,329
8990,202,316,390
8990,203,299,393
8990,204,290,97
9000,171,377,187
9000,195,265,203
9000,196,273,259
9000,197,292,256
9000,198,369,268
9000,199,319,264
9000,200,269,321
9000,201,387,303
9000,202,312,367
9000,203,294,371
9000,204,296,117
9000,205,295,410
9010,171,378,178
9010,195,255,186
9010,196,269,241
9010,197,288,235
9010,198,372,246
9010,199,324,291
9010,200,264,301
9010,201,392,276
9010,202,306,344
9010,203,286,348
9010,204,299,139
9010,205,278,381
9020,171,379,169
9020,195,247,171
9020,196,263,222
9020,197,283,215
9020,198,377,226
9020,199,324,319
9020,200,259,279
9020,201,397,255
9020,202,301,322
9020,203,285,325
9020,204,304,159
9020,205,270,354
9020,206,299,115
9030,171,380,161
9030,195,239,154
9030,196,259,202
9030,197,279,197
9030,198,381,206
9030,199,327,349
9030,200,253,254
9030,201,389,233
9030,202,297,300
9030,203,281,303
9030,204,313,182
9030,205,260,325
9030,206,302,138
9040,171,378,153
9040,195,232,139
9040,196,256,185
9040,197,275,179
9040,198,385,186
9040,199,328,378
9040,200,251,238
9040,201,373,212
9040,202,293,278
9040,203,277,282
9040,204,320,204
9040,205,256,299
9040,206,306,161
9050,171,378,145
9050,195,223,128
9050,196,249,167
9050,197,270,161
9050,198,389,166
9050,199,330,411
9050,200,250,219
9050,201,362,190
9050,202,288,258
9050,203,273,262
9050,204,323,229
9050,205,250,270
9050,206,310,184
9060,171,376,136
9060,195,209,114
9060,196,243,150
9060,197,265,145
9060,198,395,149
9060,200,247,206
9060,201,354,167
9060,202,286,238
9060,203,269,241
9060,204,325,254
9060,205,246,244
9060,206,312,210
9060,207,304,111
9070,171,374,128
9070,195,199,103
9070,196,234,132
9070,197,257,130
9070,198,402,131
9070,200,241,187
9070,201,348,141
9070,202,282,218
9070,203,265,221
9070,204,325,279
9070,205,237,218
9070,206,312,236
9070,207,305,128
9080,171,375,119
9080,195,189,89
9080,196,225,119
9080,197,245,115
9080,198,412,115
9080,200,235,169
9080,201,345,120
9080,202,280,198
9080,203,263,200
9080,204,325,307
9080,205,234,200
9080,206,311,261
9080,207,305,148
9090,171,378,113
9090,195,177,80
9090,196,215,107
9090,197,229,93
9090,198,421,100
9090,200,229,153
9090,201,348,95
9090,202,275,179
9090,203,259,181
9090,204,325,335
9090,205,226,180
9090,206,311,288
9090,207,307,172
9090,208,299,100
9090,209,158,93
9100,171,378,110
9100,196,204,97
9100,197,216,81
9100,200,225,137
9100,201,346,73
9100,202,273,161
9100,203,257,163
9100,204,326,364
9100,205,224,169
9100,206,312,316
9100,207,308,194
9100,208,300,125
9100,209,180,107
9110,171,378,99
9110,196,193,87
9110,197,204,71
9110,200,217,122
9110,201,344,54
9110,202,271,141
9110,203,254,144
9110,204,327,394
9110,205,220,146
9110,206,314,343
9110,207,310,216
9110,208,300,147
9110,209,191,118
9110,210,312,85
9110,211,296,84
9120,171,378,93
9120,200,208,108
9120,202,268,122
9120,203,252,128
9120,204,327,425
9120,205,217,130
9120,206,317,374
9120,207,314,240
9120,208,302,171
9120,209,202,136
9120,210,313,104
9120,211,296,103
9130,171,374,86
9130,202,265,104
9130,203,250,106
9130,206,319,407
9130,207,316,265
9130,208,304,195
9130,209,213,156
9130,210,317,125
9130,211,299,118
9140,171,377,85
9140,206,321,438
9140,207,319,295
9140,208,304,217
9140,209,229,172
9140,210,319,145
9140,211,299,143
9150,171,379,84
9150,207,321,322
9150,208,305,244
9150,209,244,193
9150,210,322,166
9150,211,301,164
9160,171,381,83
9160,207,320,349
9160,208,309,268
9160,209,258,216
9160,210,325,186
9160,211,304,185
9170,171,381,83
9170,207,321,379
9170,208,315,292
9170,209,268,240
9170,210,327,207
9170,211,306,206
9180,171,374,84
9180,207,319,406
9180,208,319,320
9180,209,278,267
9180,210,329,229
9180,211,307,228
9190,171,374,84
9190,207,315,432
9190,208,318,346
9190,209,285,294
9190,210,332,253
9190,211,311,250
9200,171,366,78
9200,208,316,376
9200,209,294,324
9200,210,337,278
9200,211,314,273
9200,212,356,431
9210,171,365,77
9210,208,313,405
9210,209,301,354
9210,210,341,302
9210,211,316,296
9210,212,365,402
9220,171,365,77
9220,208,314,436
9220,209,308,383
9220,210,343,323
9220,211,318,321
9220,212,370,375
9220,213,351,409
9220,214,340,413
9230,171,362,68
9230,209,316,418
9230,210,337,340
9230,211,317,345
9230,212,371,351
9230,213,358,376
9230,214,343,391
9240,171,362,67
9240,210,333,361
9240,211,317,372
9240,212,371,325
9240,213,358,347
9240,214,350,365
9250,210,333,386
9250,211,317,398
9250,212,370,299
9250,213,350,321
9250,214,350,338
9260,210,334,411
9260,211,316,428
9260,212,369,274
9260,213,342,295
9260,214,355,310
9270,212,368,251
9270,213,338,269
9270,214,361,280
9280,212,365,226
9280,213,333,245
9280,214,358,251
9290,212,363,204
9290,213,333,220
9290,214,353,223
9300,212,362,182
9300,213,333,196
9300,214,351,198
9310,212,361,160
9310,213,332,172
9310,214,348,174
9310,215,343,354
9310,216,363,66
9310,217,314,49
9310,218,295,45
9320,212,360,139
9320,213,331,150
9320,214,348,152
9320,215,333,329
9320,216,363,69
9320,217,312,69
9320,218,293,68
9330,212,357,120
9330,213,332,128
9330,214,347,130
9330,215,319,306
9330,216,369,78
9330,217,309,91
9330,218,292,89
9340,212,355,104
9340,213,331,107
9340,214,348,108
9340,215,305,285
9340,216,370,85
9340,217,308,114
9340,218,288,113
9350,212,346,93
9350,213,331,86
9350,214,355,81
9350,215,290,265
9350,216,374,87
9350,217,312,134
9350,218,288,136
9360,215,274,245
9360,216,375,92
9360,217,313,160
9360,218,290,160
9370,215,261,225
9370,216,376,97
9370,217,313,186
9370,218,292,183
9380,215,253,207
9380,216,376,101
9380,217,314,211
9380,218,293,209
9390,215,246,189
9390,216,374,104
9390,217,314,237
9390,218,293,235
9400,215,237,169
9400,216,373,108
9400,217,316,263
9400,218,294,260
9400,219,289,101
9400,220,307,426
9410,215,227,153
9410,216,373,108
9410,217,320,291
9410,218,296,292
9410,219,289,122
9410,220,296,394
9420,215,216,139
9420,216,373,108
9420,217,326,319
9420,218,300,321
9420,219,290,143
9420,220,284,363
9420,221,202,106
9430,215,206,124
9430,216,368,98
9430,217,331,349
9430,218,304,350
9430,219,293,165
9430,220,275,333
9430,221,219,117
9440,216,368,98
9440,217,334,377
9440,218,308,380
9440,219,294,186
9440,220,269,304
9440,221,232,135
9450,216,370,97
9450,217,338,404
9450,218,314,408
9450,219,298,211
9450,220,263,277
9450,221,243,153
9460,216,372,97
9460,219,301,236
9460,220,257,250
9460,221,253,171
9470,216,372,97
9470,219,302,260
9470,220,252,225
9470,221,263,191
9480,216,372,97
9480,219,305,286
9480,220,247,199
9480,221,272,211
9490,216,372,97
9490,219,304,312
9490,220,242,175
9490,221,279,232
9500,216,372,97
9500,219,302,339
9500,220,238,151
9500,221,283,254
9500,222,157,95
9510,216,376,87
9510,219,299,367
9510,220,232,129
9510,221,287,280
9510,222,176,102
9520,216,374,86
9520,219,295,396
9520,220,222,109
9520,221,290,307
9520,222,196,114
9530,216,368,84
9530,219,298,426
9530,220,206,93
9530,221,292,335
9530,222,218,128
9530,223,316,129
9530,224,342,113
9540,216,368,84
9540,221,299,363
9540,222,226,149
9540,223,317,150
9540,224,341,137
9550,216,366,79
9550,221,307,392
9550,222,235,170
9550,223,318,172
9550,224,343,158
9560,216,366,79
9560,221,314,422
9560,222,244,195
9560,223,319,196
9560,224,349,179
9570,216,366,79
9570,222,252,221
9570,223,319,220
9570,224,351,200
9580,216,366,79
9580,222,259,244
9580,223,319,244
9580,224,350,224
9590,216,366,79
9590,222,268,271
9590,223,320,269
9590,224,349,248
9600,216,366,79
9600,222,275,305
9600,223,322,298
9600,224,347,275
9610,216,366,79
9610,222,282,335
9610,223,323,322
9610,224,346,299
9620,216,366,79
9620,222,290,368
9620,223,323,349
9620,224,346,322
9620,226,355,434
9630,216,366,79
9630,222,299,403
9630,223,323,376
9630,224,343,346
9630,226,361,405
9630,227,336,163
9630,228,350,159
9640,216,366,79
9640,223,324,404
9640,224,339,371
9640,226,365,377
9640,227,336,190
9640,228,351,186
9650,216,362,73
9650,223,327,433
9650,224,336,397
9650,226,367,348
9650,227,336,217
9650,228,351,214
9660,216,362,72
9660,226,370,320
9660,227,335,245
9660,228,350,244
9670,216,361,70
9670,226,373,293
9670,227,334,273
9670,228,347,271
9680,216,360,59
9680,226,373,266
9680,227,329,303
9680,228,346,299
9680,229,249,182
9680,230,308,86
9680,231,286,83
9690,216,357,55
9690,226,371,241
9690,227,325,332
9690,228,347,330
9690,229,257,202
9690,230,306,105
9690,231,286,99
9700,216,358,52
9700,226,367,216
9700,227,326,363
9700,228,346,362
9700,229,266,225
9700,230,309,119
9700,231,287,117
9710,216,359,52
9710,226,363,192
9710,227,325,399
9710,228,345,398
9710,229,275,249
9710,230,308,135
9710,231,288,137
9720,216,359,52
9720,226,359,169
9720,227,329,430
9720,228,345,432
9720,229,281,273
9720,230,310,152
9720,231,290,154
9730,216,359,52
9730,226,354,146
9730,229,286,298
9730,230,312,169
9730,231,293,171
9740,216,359,52
9740,226,348,125
9740,229,291,327
9740,230,311,189
9740,231,294,189
9750,216,359,52
9750,229,297,355
9750,230,310,207
9750,231,292,206
9750,232,356,430
9760,216,358,53
9760,229,303,384
9760,230,310,227
9760,231,289,223
9760,232,356,401
9770,216,358,52
9770,229,311,414
9770,230,309,247
9770,231,286,241
9770,232,354,372
9780,216,360,50
9780,230,309,269
9780,231,288,259
9780,232,351,344
9790,216,359,48
9790,230,309,291
9790,231,289,277
9790,232,346,317
9790,233,386,161
9800,216,358,45
9800,230,308,315
9800,231,291,296
9800,232,334,291
9800,233,383,184
9810,216,358,42
9810,230,308,337
9810,231,291,317
9810,232,325,266
9810,233,379,208
9820,216,361,37
9820,230,307,360
9820,231,288,338
9820,232,317,243
9820,233,374,234
9830,216,362,34
9830,230,306,382
9830,231,292,358
9830,232,312,222
9830,233,369,261
9830,234,191,104
9830,235,200,94
9840,216,362,31
9840,230,303,407
9840,231,292,376
9840,232,304,200
9840,233,364,287
9840,234,201,113
9840,235,210,103
9850,216,366,28
9850,230,296,428
9850,231,288,392
9850,232,294,179
9850,233,358,314
9850,234,207,116
9850,235,217,106
9860,216,369,27
9860,230,295,442
9860,231,287,406
9860,232,284,160
9860,233,354,342
9860,234,209,116
9860,235,225,111
9870,216,374,28
9870,230,299,443
9870,231,283,416
9870,232,273,141
9870,233,353,371
9870,234,214,125
9870,235,227,112
9870,236,335,436
9880,216,383,46
9880,230,299,443
9880,231,283,420
9880,232,260,125
9880,233,350,405
9880,234,214,125
9880,235,229,111
9880,236,332,406
9890,216,397,66
9890,230,304,433
9890,231,282,423
9890,232,247,117
9890,233,346,439
9890,234,214,119
9890,235,241,101
9890,236,333,380
9900,216,407,87
9900,230,306,431
9900,231,283,422
9900,232,226,107
9900,234,222,119
9900,235,255,89
9900,236,337,357
9910,230,308,431
9910,231,284,422
9910,236,339,334
9920,230,308,432
9920,231,284,422
9920,236,339,313
9920,237,355,114
9920,238,336,97
9920,239,314,113
9920,240,296,119
9920,241,371,113
9920,242,391,120
9930,230,308,432
9930,231,284,422
9930,236,341,291
9930,237,353,132
9930,238,334,117
9930,239,314,129
9930,240,298,135
9930,241,371,138
9930,242,390,146
9930,243,317,95
9940,230,308,432
9940,231,284,422
9940,236,339,272
9940,237,352,149
9940,238,333,132
9940,239,314,144
9940,240,300,154
9940,241,369,162
9940,242,387,170
9940,243,328,111
9950,230,308,432
9950,231,284,422
9950,236,336,254
9950,237,352,166
9950,238,334,150
9950,239,315,163
9950,240,302,173
9950,241,367,187
9950,242,383,195
9950,243,338,132
9960,230,311,431
9960,231,286,422
9960,236,331,239
9960,237,353,183
9960,238,334,167
9960,239,314,182
9960,240,301,192
9960,241,363,214
9960,242,379,223
9960,243,346,151
9970,230,321,446
9970,231,295,430
9970,236,330,223
9970,237,356,202
9970,238,338,186
9970,239,313,200
9970,240,301,210
9970,241,359,240
9970,242,375,251
9970,243,351,170
9970,244,317,95
9980,236,324,204
9980,237,359,219
9980,238,342,204
9980,239,314,219
9980,240,302,230
9980,241,355,267
9980,242,370,278
9980,243,358,190
9980,244,323,115
9990,236,317,188
9990,237,358,239
9990,238,343,223
9990,239,318,237
9990,240,304,249
9990,241,351,295
9990,242,364,306
9990,243,363,212
9990,244,328,137
10000,236,305,173
10000,237,358,259
10000,238,340,241
10000,239,319,255
10000,240,307,267
10000,241,346,325
10000,242,358,336
10000,243,367,234
10000,244,333,157
10010,236,293,159
10010,237,352,278
10010,238,340,260
10010,239,319,272
10010,240,308,286
10010,241,339,355
10010,242,354,366
10010,243,369,257
10010,244,339,180
10020,237,351,297
10020,238,340,279
10020,239,320,290
10020,240,310,303
10020,241,331,395
10020,242,354,400
10020,243,371,282
10020,244,342,203
10030,237,349,317
10030,238,340,298
10030,239,321,307
10030,240,311,320
10030,241,327,430
10030,242,350,433
10030,243,371,308
10030,244,345,225
10040,237,348,338
10040,238,341,317
10040,239,321,326
10040,240,312,343
10040,243,371,338
10040,244,348,250
10050,237,346,358
10050,238,340,332
10050,239,320,341
10050,240,312,366
10050,243,369,369
10050,244,351,274
10060,237,343,378
10060,238,338,347
10060,239,319,356
10060,240,310,388
10060,243,364,402
10060,244,355,299
10070,237,342,397
10070,238,334,356
10070,239,320,374
10070,240,310,410
10070,243,359,434
10070,244,358,328
10080,237,340,414
10080,238,332,366
10080,239,317,395
10080,240,312,433
10080,244,358,357
10090,237,339,434
10090,238,325,375
10090,239,316,414
10090,244,357,388
10100,238,320,386
10100,239,322,433
10100,244,355,419
10110,238,313,398
10110,245,338,248
10110,246,319,248
10110,247,281,209
10110,248,303,207
10110,249,316,214
10120,238,307,408
10120,245,338,271
10120,246,320,270
10120,247,280,228
10120,248,301,226
10120,249,316,233
10130,238,308,416
10130,245,340,295
10130,246,322,293
10130,247,279,248
10130,248,300,247
10130,249,317,254
10140,238,305,422
10140,245,343,319
10140,246,324,316
10140,247,280,269
10140,248,300,268
10140,249,315,277
10150,238,306,423
10150,245,347,345
10150,246,325,342
10150,247,279,291
10150,248,304,293
10150,249,314,303
10160,238,306,423
10160,245,352,370
10160,246,327,366
10160,247,282,312
10160,248,304,312
10160,249,317,325
10170,238,305,423
10170,245,353,395
10170,246,329,390
10170,247,285,333
10170,248,307,332
10170,249,318,347
10180,238,304,423
10180,245,353,416
10180,246,330,414
10180,247,287,351
10180,248,311,349
10180,249,319,369
10190,238,304,423
10190,245,347,439
10190,246,327,435
10190,247,290,370
10190,248,321,367
10190,249,324,393
10200,238,304,423
10200,247,297,386
10200,248,329,388
10200,249,330,416
10200,250,375,435
10200,251,343,200
10200,252,322,190
10200,253,306,196
10210,238,302,423
10210,247,309,399
10210,248,335,408
10210,249,334,433
10210,250,386,408
10210,251,344,222
10210,252,324,212
10210,253,306,219
10220,238,301,424
10220,247,322,411
10220,248,340,423
10220,249,337,443
10220,250,388,385
10220,251,344,244
10220,252,324,235
10220,253,306,243
10220,254,305,154
10230,238,301,428
10230,247,326,421
10230,248,339,434
10230,250,382,366
10230,251,347,273
10230,252,322,259
10230,253,309,269
10230,254,309,179
10230,255,356,413
10230,256,378,399
10240,238,297,428
10240,247,324,429
10240,248,337,446
10240,250,375,345
10240,251,347,295
10240,252,322,282
10240,253,310,293
10240,254,312,204
10240,255,353,376
10240,256,380,376
10250,238,286,433
10250,247,321,437
10250,248,337,449
10250,250,377,325
10250,251,346,316
10250,252,321,306
10250,253,311,317
10250,254,315,231
10250,255,359,351
10250,256,378,353
10250,257,365,429
10260,238,283,433
10260,247,321,441
10260,248,336,452
10260,250,371,309
10260,251,340,343
10260,252,321,331
10260,253,312,341
10260,254,319,260
10260,255,357,330
10260,256,371,336
10260,257,367,404
10260,258,353,126
10260,259,334,119
10260,260,356,419
10270,238,284,428
10270,247,319,445
10270,250,362,293
10270,251,336,367
10270,252,319,354
10270,253,312,365
10270,254,320,289
10270,255,348,310
10270,256,366,318
10270,257,368,379
10270,258,353,143
10270,259,332,139
10270,260,354,392
10280,238,281,425
10280,250,349,269
10280,251,336,390
10280,252,321,370
10280,253,312,390
10280,254,322,319
10280,255,340,295
10280,256,358,298
10280,257,363,353
10280,258,353,161
10280,259,333,158
10280,260,355,362
10280,261,366,431
10290,238,278,423
10290,250,337,251
10290,251,335,416
10290,252,323,385
10290,253,312,412
10290,254,323,348
10290,255,320,272
10290,256,351,282
10290,257,362,329
10290,258,354,179
10290,259,334,176
10290,260,350,341
10290,261,368,401
10300,238,277,425
10300,250,326,233
10300,251,333,436
10300,252,324,411
10300,253,311,431
10300,254,325,374
10300,255,312,252
10300,256,331,253
10300,257,357,305
10300,258,357,198
10300,259,336,194
10300,260,346,315
10300,261,376,381
10300,262,358,419
10300,263,304,107
10300,264,322,102
10300,265,236,110
10300,266,252,113
10300,267,265,109
10300,268,278,120
10300,269,269,148
10300,270,238,131
10300,272,285,100
10310,238,277,430
10310,250,317,218
10310,252,326,427
10310,253,311,443
10310,254,330,398
10310,255,303,232
10310,256,322,238
10310,257,350,285
10310,258,361,213
10310,259,343,211
10310,260,334,294
10310,261,373,354
10310,262,357,388
10310,263,307,124
10310,264,323,119
10310,265,236,126
10310,266,252,130
10310,267,268,126
10310,268,281,130
10310,269,269,165
10310,270,241,150
10310,272,290,123
10320,238,277,431
10320,250,314,202
10320,252,323,439
10320,253,315,456
10320,254,335,418
10320,255,297,216
10320,256,318,222
10320,257,342,267
10320,258,367,230
10320,259,349,229
10320,260,326,273
10320,261,367,329
10320,262,353,355
10320,263,313,140
10320,264,329,135
10320,265,237,146
10320,266,253,148
10320,267,269,143
10320,268,282,153
10320,269,272,185
10320,270,244,167
10320,272,294,151
10330,238,278,429
10330,250,311,183
10330,252,323,447
10330,254,335,431
10330,255,297,201
10330,256,313,206
10330,257,334,253
10330,258,372,248
10330,259,354,247
10330,260,320,251
10330,261,357,306
10330,262,345,323
10330,263,320,156
10330,264,335,152
10330,265,241,166
10330,266,255,166
10330,267,268,159
10330,268,282,166
10330,269,273,203
10330,270,250,184
10330,272,288,177
10330,273,358,421
10330,274,321,465
10340,238,278,429
10340,250,306,166
10340,252,323,456
10340,254,334,439
10340,255,298,186
10340,256,309,194
10340,257,330,233
10340,258,377,268
10340,259,357,267
10340,260,313,231
10340,261,347,284
10340,262,334,297
10340,263,329,173
10340,264,343,169
10340,265,243,187
10340,266,260,187
10340,267,268,179
10340,268,279,184
10340,269,278,223
10340,270,255,204
10340,272,288,208
10340,273,359,397
10340,274,321,465
10350,238,277,430
10350,250,297,149
10350,252,325,458
10350,254,334,443
10350,255,293,175
10350,256,307,173
10350,257,323,220
10350,258,379,299
10350,259,357,288
10350,260,309,214
10350,261,338,262
10350,262,323,273
10350,263,337,193
10350,264,352,188
10350,265,244,208
10350,266,263,207
10350,267,272,195
10350,268,284,199
10350,269,281,242
10350,270,258,227
10350,272,295,243
10350,273,353,372
10350,274,321,465
10350,275,351,439
10360,238,278,433
10360,250,288,138
10360,254,335,443
10360,255,285,164
10360,256,304,161
10360,257,321,199
10360,258,380,314
10360,259,359,308
10360,260,304,195
10360,261,329,239
10360,262,315,250
10360,263,343,213
10360,264,359,207
10360,265,247,229
10360,266,267,227
10360,267,276,214
10360,268,293,216
10360,269,287,259
10360,270,259,250
10360,272,299,279
10360,273,348,347
10360,274,321,465
10360,275,347,421
10360,276,313,82
10360,277,343,461
10370,238,280,432
10370,250,275,124
10370,254,333,453
10370,255,270,154
10370,256,290,150
10370,257,316,179
10370,258,382,332
10370,259,359,322
10370,260,299,178
10370,261,323,220
10370,262,307,228
10370,263,348,231
10370,264,366,225
10370,265,251,249
10370,266,270,246
10370,267,283,236
10370,268,298,237
10370,269,293,280
10370,270,265,271
10370,272,302,316
10370,273,342,324
10370,274,321,465
10370,275,346,407
10370,276,321,101
10370,277,343,461
10370,278,368,434
10380,238,280,431
10380,250,263,112
10380,255,252,142
10380,256,267,132
10380,257,314,164
10380,258,379,355
10380,259,363,347
10380,260,291,162
10380,261,324,204
10380,262,299,206
10380,263,351,250
10380,264,368,252
10380,265,252,267
10380,266,274,266
10380,267,287,256
10380,268,302,257
10380,269,298,301
10380,270,269,294
10380,272,304,351
10380,273,337,304
10380,274,321,465
10380,275,343,394
10380,276,326,121
10380,277,343,461
10380,278,371,418
10380,279,349,439
10390,238,282,429
10390,257,308,145
10390,258,378,377
10390,259,361,361
10390,260,285,145
10390,261,318,185
10390,262,289,188
10390,263,353,269
10390,264,371,271
10390,265,256,281
10390,266,278,286
10390,267,291,275
10390,268,305,275
10390,269,304,323
10390,270,275,316
10390,272,308,383
10390,273,332,283
10390,274,321,465
10390,275,339,381
10390,276,332,141
10390,277,343,461
10390,278,362,404
10390,279,342,419
10390,280,315,106
10400,238,283,428
10400,257,302,125
10400,258,379,396
10400,259,362,377
10400,260,280,127
10400,261,309,164
10400,262,279,170
10400,263,355,290
10400,264,373,292
10400,265,262,301
10400,266,281,305
10400,267,294,296
10400,268,309,296
10400,269,306,344
10400,270,282,340
10400,272,315,416
10400,273,330,261
10400,275,341,368
10400,276,339,162
10400,277,343,461
10400,278,352,390
10400,279,339,404
10400,280,323,126
10400,281,344,426
10410,238,281,427
10410,257,300,111
10410,258,374,412
10410,259,362,392
10410,260,277,115
10410,261,302,147
10410,262,272,152
10410,263,357,312
10410,264,370,314
10410,265,265,318
10410,266,285,325
10410,267,298,318
10410,268,313,319
10410,269,309,369
10410,270,286,362
10410,272,320,445
10410,273,326,239
10410,275,336,356
10410,276,343,183
10410,278,349,373
10410,279,333,388
10410,280,330,147
10410,281,338,409
10420,238,280,426
10420,257,294,90
10420,258,367,425
10420,259,358,400
10420,260,270,90
10420,261,299,129
10420,262,265,132
10420,263,360,333
10420,264,373,335
10420,265,269,339
10420,266,288,346
10420,267,300,339
10420,268,313,340
10420,269,311,393
10420,270,288,384
10420,273,322,218
10420,275,334,343
10420,276,347,205
10420,278,347,357
10420,279,330,363
10420,280,336,167
10420,281,337,392
10420,283,346,442
10430,238,279,426
10430,257,289,73
10430,258,368,447
10430,259,356,413
10430,260,267,74
10430,261,295,118
10430,262,264,113
10430,263,358,352
10430,264,377,356
10430,265,271,356
10430,266,291,374
10430,267,301,358
10430,268,313,361
10430,269,313,418
10430,270,291,406
10430,273,318,198
10430,275,330,328
10430,276,353,226
10430,278,341,345
10430,279,328,356
10430,280,347,187
10430,281,335,377
10430,283,342,415
10430,284,338,461
10440,238,278,427
10440,257,287,56
10440,259,354,423
10440,260,268,58
10440,261,288,93
10440,262,264,93
10440,263,360,372
10440,264,380,376
10440,265,280,376
10440,266,294,395
10440,267,304,377
10440,268,315,381
10440,270,297,428
10440,273,313,179
10440,275,324,314
10440,276,358,250
10440,278,341,329
10440,279,323,340
10440,280,356,209
10440,281,331,362
10440,283,342,392
10440,284,338,461
10440,285,314,71
10440,286,389,67
10450,238,279,428
10450,257,286,39
10450,259,352,437
10450,260,270,41
10450,261,288,75
10450,262,264,74
10450,263,361,386
10450,264,380,393
10450,265,287,391
10450,266,300,411
10450,267,309,392
10450,268,320,396
10450,273,308,161
10450,275,321,299
10450,276,361,273
10450,278,338,314
10450,279,319,325
10450,280,365,232
10450,281,319,354
10450,283,343,369
10450,284,338,462
10450,285,318,87
10450,286,394,73
10450,287,337,432
10460,238,280,434
10460,257,286,24
10460,260,271,25
10460,261,289,58
10460,262,265,56
10460,263,357,402
10460,264,378,405
10460,265,291,403
10460,266,304,436
10460,267,310,404
10460,268,321,408
10460,273,302,143
10460,275,314,288
10460,276,363,296
10460,278,336,297
10460,279,319,311
10460,280,371,259
10460,281,304,334
10460,283,346,343
10460,284,338,462
10460,285,322,106
10460,286,391,80
10460,287,337,414
10460,288,310,460
10470,238,285,436
10470,263,354,415
10470,264,373,421
10470,265,295,414
10470,266,309,452
10470,267,314,414
10470,268,324,419
10470,273,297,122
10470,275,312,274
10470,276,365,319
10470,278,333,283
10470,279,325,298
10470,280,376,285
10470,281,291,312
10470,283,344,321
10470,284,338,462
10470,285,323,125
10470,286,392,84
10470,287,340,395
10470,289,336,435
10480,263,353,422
10480,264,371,431
10480,265,298,419
10480,267,313,417
10480,268,328,426
10480,275,306,260
10480,276,366,340
10480,278,329,267
10480,279,332,284
10480,280,378,310
10480,281,282,286
10480,283,341,305
10480,285,330,146
10480,286,393,93
10480,287,340,374
10480,289,339,419
10480,290,358,462
10490,263,351,424
10490,264,366,430
10490,265,302,430
10490,267,317,422
10490,268,336,438
10490,275,305,247
10490,276,366,364
10490,278,324,252
10490,279,333,271
10490,280,379,335
10490,281,273,261
10490,283,338,292
10490,285,336,166
10490,286,389,99
10490,287,335,354
10490,289,340,393
10490,290,358,462
10490,291,289,440
10500,263,348,421
10500,264,363,429
10500,265,308,440
10500,267,321,429
10500,268,343,451
10500,275,303,235
10500,276,361,382
10500,278,323,240
10500,279,342,256
10500,280,378,356
10500,281,267,239
10500,283,331,276
10500,285,344,187
10500,286,388,102
10500,287,331,336
10500,289,337,370
10500,291,289,442
10510,263,343,425
10510,264,360,433
10510,267,328,436
10510,275,300,223
10510,276,352,397
10510,278,321,225
10510,279,340,239
10510,280,377,373
10510,281,261,216
10510,283,327,258
10510,285,352,209
10510,286,388,104
10510,287,327,315
10510,289,338,347
10510,291,291,441
10520,263,342,429
10520,264,357,435
10520,267,330,437
10520,275,298,209
10520,276,338,401
10520,278,319,211
10520,279,340,225
10520,280,367,389
10520,281,256,195
10520,283,319,241
10520,285,354,229
10520,287,319,291
10520,289,338,322
10520,291,298,439
10670,293,252,202
10670,294,254,174
10670,295,302,122
10670,296,326,114
10670,297,281,110
10670,298,276,95
10670,299,293,312
10670,300,348,242
10670,301,369,246
10670,302,360,199
10680,293,238,180
10680,294,263,194
10680,295,302,122
10680,296,326,114
10680,297,281,110
10680,298,277,95
10680,299,298,329
10680,300,343,262
10680,301,365,266
10680,302,361,224
10690,293,229,161
10690,294,270,216
10690,295,302,122
10690,296,326,114
10690,297,281,110
10690,298,277,95
10690,299,301,347
10690,300,337,283
10690,301,358,288
10690,302,362,245
10690,303,344,437
10700,293,218,147
10700,294,278,238
10700,295,302,122
10700,296,326,114
10700,297,281,110
10700,298,277,95
10700,299,304,364
10700,300,331,304
10700,301,350,308
10700,302,361,268
10700,303,348,421
10710,293,206,124
10710,294,284,259
10710,295,302,122
10710,296,329,114
10710,297,281,110
10710,298,277,95
10710,299,308,383
10710,300,327,328
10710,301,346,331
10710,302,355,291
10710,303,356,402
10710,304,340,419
10720,294,289,282
10720,295,302,122
10720,296,321,117
10720,297,281,110
10720,298,277,95
10720,299,313,402
10720,300,321,350
10720,301,340,354
10720,302,350,314
10720,303,365,385
10720,304,347,399
10720,305,390,109
10730,294,297,303
10730,295,302,122
10730,296,322,117
10730,297,281,110
10730,298,277,95
10730,299,315,422
10730,300,316,373
10730,301,335,377
10730,302,346,338
10730,303,371,367
10730,304,355,380
10730,305,382,129
10740,294,303,327
10740,295,302,122
10740,296,322,117
10740,297,281,110
10740,298,277,95
10740,300,316,397
10740,301,333,400
10740,302,342,361
10740,303,375,351
10740,304,361,356
10740,305,374,153
10750,294,308,351
10750,295,302,122
10750,296,322,117
10750,297,281,110
10750,298,277,95
10750,300,316,420
10750,301,337,423
10750,302,339,385
10750,303,376,333
10750,304,365,331
10750,305,367,176
10760,294,314,373
10760,300,320,452
10760,301,337,448
10760,302,337,408
10760,303,378,314
10760,304,367,312
10760,305,358,202
10770,294,318,397
10770,302,337,432
10770,303,380,296
10770,304,369,294
10770,305,350,227
10780,294,322,419
10780,303,383,278
10780,304,372,276
10780,305,345,253
10780,306,369,204
10780,307,327,171
10780,308,340,151
10780,309,357,150
10780,310,366,165
10790,294,327,442
10790,303,386,259
10790,304,375,257
10790,305,344,281
10790,306,357,231
10790,307,323,187
10790,308,338,169
10790,309,353,168
10790,310,362,183
10800,303,387,243
10800,304,376,242
10800,305,343,310
10800,306,347,259
10800,307,318,202
10800,308,335,184
10800,309,349,185
10800,310,358,201
10810,303,387,225
10810,304,378,224
10810,305,342,339
10810,306,337,287
10810,307,313,218
10810,308,328,197
10810,309,346,203
10810,310,354,220
10810,311,358,156
10810,312,346,147
10810,313,254,142
10810,314,270,133
10820,303,387,206
10820,304,378,206
10820,305,341,368
10820,306,327,317
10820,307,311,234
10820,308,323,215
10820,309,342,221
10820,310,351,238
10820,311,358,176
10820,312,346,167
10820,313,258,157
10820,314,273,149
10830,303,387,187
10830,304,376,191
10830,305,339,398
10830,306,326,348
10830,307,307,251
10830,308,319,234
10830,309,339,239
10830,310,349,256
10830,311,354,197
10830,312,342,188
10830,313,262,175
10830,314,276,164
10840,303,386,169
10840,304,373,176
10840,305,336,431
10840,306,327,381
10840,307,303,271
10840,308,316,255
10840,309,335,258
10840,310,346,274
10840,311,352,218
10840,312,340,209
10840,313,266,191
10840,314,279,180
10840,315,425,102
10850,303,384,153
10850,304,371,161
10850,306,329,418
10850,307,301,291
10850,308,314,275
10850,309,333,278
10850,310,343,294
10850,311,352,240
10850,312,340,232
10850,313,268,208
10850,314,287,198
10850,315,415,122
10860,303,382,137
10860,304,371,145
10860,307,300,312
10860,308,313,296
10860,309,332,299
10860,310,340,317
10860,311,353,261
10860,312,335,255
10860,313,271,227
10860,314,293,217
10860,315,405,141
10860,316,332,117
10870,303,378,124
10870,304,368,132
10870,307,300,335
10870,308,311,318
10870,309,329,321
10870,310,336,339
10870,311,351,286
10870,312,335,280
10870,313,276,243
10870,314,298,235
10870,315,396,162
10870,316,331,128
10880,303,377,111
10880,304,367,119
10880,307,300,356
10880,308,311,339
10880,309,327,343
10880,310,333,362
10880,311,350,310
10880,312,334,304
10880,313,284,262
10880,314,300,255
10880,315,386,181
10880,316,329,139
10890,307,300,378
10890,308,310,361
10890,309,326,365
10890,310,333,386
10890,311,348,335
10890,312,332,330
10890,313,288,280
10890,314,305,273
10890,315,379,203
10890,316,327,152
10900,307,302,402
10900,308,311,384
10900,309,326,386
10900,310,333,412
10900,311,347,358
10900,312,330,353
10900,313,292,299
10900,314,309,294
10900,315,373,227
10900,316,326,165
10910,307,304,424
10910,308,314,405
10910,309,328,407
10910,310,336,441
10910,311,347,380
10910,312,330,375
10910,313,297,319
10910,314,315,314
10910,315,363,250
10910,316,325,178
10920,308,321,436
10920,309,334,427
10920,311,345,401
10920,312,328,397
10920,313,303,338
10920,314,322,335
10920,315,355,274
10920,316,326,192
10930,311,344,420
10930,312,327,416
10930,313,310,359
10930,314,330,355
10930,315,347,300
10930,316,326,206
10940,311,345,440
10940,312,323,436
10940,313,317,381
10940,314,337,377
10940,315,339,325
10940,316,326,222
10950,313,322,404
10950,314,343,399
10950,315,335,354
10950,316,326,237
10950,317,276,428
10960,313,324,430
10960,314,345,421
10960,315,332,383
10960,316,325,250
10960,317,287,424
10970,315,330,409
10970,316,325,265
10970,317,301,428
10980,315,330,433
10980,316,325,280
10980,317,306,429
10990,316,325,295
10990,317,308,437
11000,316,326,312
11010,316,328,329
11020,316,330,346
11030,316,331,366
11040,316,331,384
11050,316,331,402
11060,316,330,420
11210,318,317,290
11210,319,294,368
11210,320,297,415
11220,318,310,240
11220,319,288,348
11220,320,290,397
11230,318,305,190
11230,319,284,333
11230,320,286,379
11240,318,299,142
11240,319,281,317
11240,320,280,364
11240,321,301,393
11240,322,317,391
11240,323,344,402
11250,319,282,302
11250,320,278,345
11250,321,299,370
11250,322,320,368
11250,323,343,376
11250,324,305,418
11260,319,283,284
11260,320,273,329
11260,321,296,353
11260,322,316,346
11260,323,339,350
11260,324,290,395
11270,319,285,264
11270,320,268,316
11270,321,292,332
11270,322,313,326
11270,323,338,328
11270,324,284,370
11280,319,284,247
11280,320,264,305
11280,321,291,313
11280,322,311,306
11280,323,335,307
11280,324,280,346
11290,319,285,230
11290,320,261,287
11290,321,288,293
11290,322,311,285
11290,323,332,286
11290,324,276,321
11290,325,220,138
11290,326,231,130
11290,327,247,115
11290,328,215,98
11290,329,208,113
11290,330,311,64
11300,319,287,213
11300,320,256,271
11300,321,287,274
11300,322,308,266
11300,323,327,266
11300,324,269,301
11300,325,228,152
11300,326,240,145
11300,327,255,127
11300,328,227,116
11300,329,218,128
11300,330,316,83
11310,319,287,197
11310,320,254,255
11310,321,285,256
11310,322,304,247
11310,323,322,248
11310,324,265,273
11310,325,234,166
11310,326,246,159
11310,327,259,142
11310,328,237,131
11310,329,227,143
11310,330,324,108
11310,331,291,64
11320,319,288,181
11320,320,250,240
11320,321,287,237
11320,322,302,229
11320,323,317,231
11320,324,262,262
11320,325,239,180
11320,326,253,174
11320,327,263,157
11320,328,245,142
11320,329,237,155
11320,330,330,133
11320,331,299,80
11330,319,288,162
11330,320,242,228
11330,321,287,219
11330,322,302,209
11330,323,315,213
11330,324,256,237
11330,325,246,196
11330,326,258,189
11330,327,267,172
11330,328,253,152
11330,329,246,164
11330,330,334,159
11330,331,309,93
11340,319,287,147
11340,320,239,214
11340,321,287,203
11340,322,302,192
11340,323,313,197
11340,324,251,230
11340,325,255,210
11340,326,265,204
11340,327,272,186
11340,328,260,167
11340,329,252,179
11340,330,336,180
11340,331,316,112
11350,319,293,131
11350,320,237,197
11350,321,283,186
11350,322,298,174
11350,323,311,180
11350,324,247,214
11350,325,262,228
11350,326,271,220
11350,327,277,201
11350,328,266,182
11350,329,258,194
11350,330,337,206
11350,331,322,131
11360,319,303,120
11360,320,237,184
11360,321,279,168
11360,322,293,155
11360,323,308,165
11360,324,249,198
11360,325,266,248
11360,326,277,236
11360,327,285,218
11360,328,272,199
11360,329,264,210
11360,330,339,235
11360,331,330,150
11370,319,318,108
11370,320,238,171
11370,321,271,155
11370,322,287,140
11370,323,302,150
11370,324,253,185
11370,325,270,266
11370,326,281,257
11370,327,294,239
11370,328,280,217
11370,329,271,228
11370,330,340,264
11370,331,337,170
11380,319,335,98
11380,320,230,159
11380,321,264,140
11380,322,280,126
11380,323,294,136
11380,324,252,161
11380,325,272,286
11380,326,285,277
11380,327,300,259
11380,328,286,234
11380,329,276,245
11380,330,343,294
11380,331,341,190
11380,332,331,417
11390,320,225,152
11390,321,256,128
11390,322,271,113
11390,323,289,125
11390,324,245,146
11390,325,273,306
11390,326,288,297
11390,327,305,279
11390,328,293,254
11390,329,283,265
11390,330,345,324
11390,331,344,210
11390,332,330,387
11390,333,320,413
11400,320,211,138
11400,321,246,116
11400,322,258,99
11400,323,278,117
11400,324,233,132
11400,325,276,327
11400,326,291,319
11400,327,309,300
11400,328,298,275
11400,329,287,287
11400,330,349,357
11400,331,348,233
11400,332,329,360
11400,333,322,382
11400,334,307,100
11400,335,304,86
11400,336,319,83
11400,337,332,94
11400,338,350,96
11400,339,369,89
11410,325,281,348
11410,326,291,340
11410,327,308,322
11410,328,300,296
11410,329,289,310
11410,330,349,391
11410,331,352,256
11410,332,329,333
11410,333,321,351
11410,334,306,114
11410,335,304,105
11410,336,320,98
11410,337,332,111
11410,338,350,115
11420,325,285,370
11420,326,294,362
11420,327,310,344
11420,328,302,315
11420,329,290,330
11420,330,344,427
11420,331,357,283
11420,332,324,307
11420,333,323,328
11420,334,305,120
11420,335,307,143
11420,336,321,118
11420,337,332,127
11420,338,350,131
11430,325,289,393
11430,326,300,385
11430,327,315,366
11430,328,299,334
11430,329,291,351
11430,331,360,309
11430,332,318,283
11430,333,315,302
11430,334,305,138
11430,335,307,160
11430,336,322,138
11430,337,332,146
11430,338,346,153
11440,325,296,415
11440,326,306,408
11440,327,321,388
11440,328,303,356
11440,329,295,373
11440,331,360,334
11440,332,309,260
11440,333,302,279
11440,334,309,157
11440,335,309,180
11440,336,322,156
11440,337,332,164
11440,338,346,173
11450,325,306,442
11450,326,316,431
11450,327,327,408
11450,328,311,375
11450,329,306,394
11450,331,365,363
11450,332,298,238
11450,333,286,253
11450,334,309,177
11450,335,309,200
11450,336,322,176
11450,337,332,186
11450,338,349,193
11460,327,330,431
11460,328,315,397
11460,329,311,417
11460,331,371,385
11460,332,287,216
11460,333,274,231
11460,334,310,197
11460,335,309,221
11460,336,324,196
11460,337,333,210
11460,338,350,213
11470,328,322,416
11470,329,316,438
11470,331,378,411
11470,332,275,194
11470,333,264,207
11470,334,308,214
11470,335,308,244
11470,336,327,217
11470,337,335,230
11470,338,352,233
11480,328,323,434
11480,331,383,430
11480,332,264,173
11480,333,253,185
11480,334,308,234
11480,335,308,266
11480,336,327,237
11480,337,335,250
11480,338,352,253
11490,331,375,445
11490,332,254,157
11490,333,240,165
11490,334,308,256
11490,335,308,288
11490,336,327,259
11490,337,335,271
11490,338,352,274
11500,334,305,278
11500,335,309,311
11500,336,328,282
11500,337,336,295
11500,338,352,298
11510,334,305,299
11510,335,310,333
11510,336,324,305
11510,337,335,319
11510,338,351,322
11520,334,304,323
11520,335,310,357
11520,336,326,328
11520,337,337,343
11520,338,352,347
11530,334,302,345
11530,335,310,381
11530,336,324,348
11530,337,339,368
11530,338,353,373
11540,334,301,367
11540,335,309,405
11540,336,326,372
11540,337,339,393
11540,338,353,398
11550,334,302,392
11550,335,309,428
11550,336,327,388
11550,337,339,418
11550,338,354,424
11620,340,331,326
11620,341,347,378
11630,340,319,301
11630,341,337,352
11640,340,306,278
11640,341,328,329
11650,340,293,253
11650,341,321,304
11660,340,279,231
11660,341,313,282
11670,340,264,208
11670,341,306,260
11680,340,248,187
11680,341,296,238
11690,340,233,167
11690,341,286,218
11700,340,222,147
11700,341,274,196
11710,340,209,128
11710,341,261,176
11720,340,193,110
11720,341,251,158
11730,340,177,96
11730,341,240,140
11740,340,161,82
11740,341,226,124
11840,342,309,379
11850,342,305,356
11860,342,300,332
11860,343,226,152
11860,344,236,135
11860,345,303,395
11870,342,299,311
11870,343,237,170
11870,344,247,155
11870,345,295,373
11880,342,297,289
11880,343,245,186
11880,344,256,175
11880,345,294,348
11880,346,224,116
11880,347,213,124
11890,342,295,269
11890,343,251,204
11890,344,264,194
11890,345,294,323
11890,346,236,129
11890,347,223,137
11890,348,314,425
11900,342,295,249
11900,343,259,225
11900,344,270,214
11900,345,296,298
11900,346,246,147
11900,347,230,157
11900,348,306,396
11900,349,301,56
11910,342,293,229
11910,343,262,251
11910,344,275,235
11910,345,297,274
11910,346,255,165
11910,347,239,175
11910,348,301,369
11910,349,305,74
11920,342,291,211
11920,343,267,275
11920,344,279,260
11920,345,297,250
11920,346,262,186
11920,347,247,197
11920,348,297,342
11920,349,309,93
11930,342,285,194
11930,343,268,301
11930,344,280,287
11930,345,293,230
11930,346,267,206
11930,347,251,220
11930,348,298,317
11930,349,313,113
11940,342,279,179
11940,343,274,328
11940,344,283,312
11940,345,288,210
11940,346,273,230
11940,347,257,240
11940,348,299,291
11940,349,316,134
11940,350,304,72
11940,351,173,97
11940,352,182,79
11940,353,193,66
11950,342,271,162
11950,343,281,354
11950,344,290,338
11950,345,279,191
11950,346,278,255
11950,347,262,262
11950,348,301,262
11950,349,318,156
11950,350,306,87
11950,351,190,110
11950,352,196,91
11950,353,207,78
11960,342,266,147
11960,343,289,379
11960,344,298,363
11960,345,272,173
11960,346,282,280
11960,347,268,285
11960,348,296,238
11960,349,319,178
11960,350,307,104
11960,351,203,124
11960,352,208,104
11960,353,219,93
11970,342,259,130
11970,343,300,408
11970,344,309,389
11970,345,266,155
11970,346,288,304
11970,347,272,309
11970,348,290,216
11970,349,319,202
11970,350,309,126
11970,351,216,138
11970,352,218,119
11970,353,231,110
11970,354,342,434
11970,355,421,90
11980,342,254,116
11980,343,310,437
11980,344,318,416
11980,345,260,139
11980,346,295,330
11980,347,279,332
11980,348,286,194
11980,349,318,226
11980,350,315,138
11980,351,226,155
11980,352,227,136
11980,353,239,128
11980,354,343,398
11980,355,408,105
11990,342,244,106
11990,344,328,446
11990,345,246,126
11990,346,304,355
11990,347,283,355
11990,348,282,172
11990,349,318,252
11990,350,319,159
11990,351,235,173
11990,352,238,154
11990,353,249,146
11990,354,345,368
11990,355,402,121
12000,342,232,95
12000,345,232,117
12000,346,314,381
12000,347,293,382
12000,348,281,152
12000,349,317,279
12000,350,323,179
12000,351,243,195
12000,352,248,174
12000,353,259,165
12000,354,344,341
12000,355,389,134
12010,342,219,87
12010,345,211,110
12010,346,323,406
12010,347,301,407
12010,348,281,134
12010,349,317,306
12010,350,326,197
12010,351,246,212
12010,352,257,194
12010,353,268,185
12010,354,344,314
12010,355,382,148
12020,342,206,79
12020,345,195,102
12020,346,331,429
12020,347,310,432
12020,348,281,116
12020,349,317,335
12020,350,324,216
12020,351,254,237
12020,352,267,214
12020,353,278,205
12020,354,344,289
12020,355,378,166
12030,342,193,74
12030,345,178,92
12030,348,280,101
12030,349,318,365
12030,350,326,236
12030,351,259,259
12030,352,273,233
12030,353,287,227
12030,354,348,266
12030,355,375,183
12030,356,230,69
12030,357,327,36
12030,358,345,32
12030,359,451,57
12040,348,282,86
12040,349,320,395
12040,350,327,256
12040,351,266,286
12040,352,280,255
12040,353,295,249
12040,354,345,243
12040,355,372,200
12040,356,234,88
12040,357,329,45
12040,358,346,41
12040,359,443,71
12050,348,284,68
12050,349,322,425
12050,350,329,275
12050,351,274,310
12050,352,285,278
12050,353,300,271
12050,354,341,220
12050,355,369,219
12050,356,235,110
12050,357,331,54
12050,358,349,50
12050,359,431,82
12060,348,288,53
12060,350,331,293
12060,351,277,338
12060,352,290,301
12060,353,305,294
12060,354,332,200
12060,355,361,236
12060,356,236,133
12060,357,334,62
12060,358,351,58
12060,359,419,99
12070,348,290,39
12070,350,332,313
12070,351,285,364
12070,352,294,324
12070,353,309,316
12070,354,322,181
12070,355,352,253
12070,356,239,156
12070,357,336,71
12070,358,353,65
12070,359,410,118
12080,350,335,337
12080,351,298,390
12080,352,299,352
12080,353,310,336
12080,354,310,162
12080,355,343,272
12080,356,245,179
12080,357,337,79
12080,358,354,70
12080,359,400,134
12090,350,333,353
12090,351,303,421
12090,352,305,380
12090,353,308,354
12090,354,298,147
12090,355,336,292
12090,356,251,204
12090,357,338,85
12090,358,355,80
12090,359,391,152
12100,350,334,375
12100,352,310,407
12100,353,307,370
12100,354,285,129
12100,355,330,312
12100,356,255,229
12100,357,341,96
12100,358,356,91
12100,359,383,169
12110,350,336,397
12110,352,316,442
12110,353,309,389
12110,354,270,117
12110,355,326,331
12110,356,264,256
12110,357,343,99
12110,358,357,98
12110,359,375,188
12120,350,341,420
12120,353,316,408
12120,354,252,107
12120,355,323,353
12120,356,273,282
12120,357,344,106
12120,358,359,105
12120,359,369,208
12130,353,323,431
12130,355,317,376
12130,356,281,308
12130,357,343,114
12130,358,357,115
12130,359,361,233
12140,353,328,453
12140,355,316,398
12140,356,289,337
12140,357,343,124
12140,358,357,123
12140,359,351,259
12150,355,317,421
12150,356,297,366
12150,357,343,131
12150,358,357,131
12150,359,346,281
12160,355,321,442
12160,356,303,394
12160,357,342,140
12160,358,356,140
12160,359,341,298
12170,356,311,423
12170,357,341,149
12170,358,355,149
12170,359,332,321
12180,357,341,158
12180,358,356,157
12180,359,330,346
12190,357,340,167
12190,358,355,166
12190,359,328,372
12200,357,340,177
12200,358,355,176
12200,359,328,402
12210,357,339,186
12210,358,355,186
12210,359,333,427
12210,360,272,139
12210,361,257,140
12220,357,339,196
12220,358,355,196
12220,360,274,158
12220,361,259,160
12220,362,291,128
12220,363,308,125
12230,357,338,206
12230,358,354,206
12230,360,279,179
12230,361,260,180
12230,362,291,148
12230,363,309,145
12240,357,341,216
12240,358,355,216
12240,360,281,201
12240,361,262,201
12240,362,292,169
12240,363,310,167
12250,357,342,225
12250,358,356,225
12250,360,280,224
12250,361,264,223
12250,362,294,191
12250,363,311,189
12250,364,310,118
12250,365,330,122
12250,366,347,122
12260,357,343,235
12260,358,357,235
12260,360,283,245
12260,361,266,244
12260,362,293,212
12260,363,311,209
12260,364,310,138
12260,365,328,143
12260,366,347,143
12270,357,342,245
12270,358,357,245
12270,360,289,267
12270,361,270,268
12270,362,294,236
12270,363,312,233
12270,364,309,160
12270,365,327,165
12270,366,347,163
12270,367,373,429
12280,357,341,257
12280,358,357,255
12280,360,294,290
12280,361,276,292
12280,362,296,260
12280,363,314,257
12280,364,308,182
12280,365,325,186
12280,366,347,186
12280,367,381,414
12290,357,342,268
12290,358,358,267
12290,360,301,315
12290,361,282,318
12290,362,297,284
12290,363,317,280
12290,364,308,206
12290,365,325,210
12290,366,347,208
12290,367,391,401
12300,357,341,280
12300,358,357,280
12300,360,310,340
12300,361,287,345
12300,362,300,311
12300,363,320,306
12300,364,305,230
12300,365,322,233
12300,366,352,234
12300,367,397,393
12310,357,341,293
12310,358,357,293
12310,360,316,368
12310,361,294,373
12310,362,302,336
12310,363,324,332
12310,364,303,254
12310,365,319,257
12310,366,360,254
12310,367,400,390
12320,357,340,305
12320,358,356,306
12320,360,323,395
12320,361,302,402
12320,362,305,362
12320,363,324,359
12320,364,301,280
12320,365,317,283
12320,366,366,277
12320,367,401,390
12330,357,341,317
12330,358,356,317
12330,360,328,421
12330,361,309,431
12330,362,309,389
12330,363,327,387
12330,364,297,305
12330,365,314,308
12330,366,369,305
12330,367,401,390
12340,357,342,329
12340,358,355,328
12340,362,313,415
12340,363,330,413
12340,364,294,331
12340,365,311,334
12340,366,375,336
12340,367,401,390
12350,357,342,339
12350,358,355,338
12350,362,316,437
12350,363,330,433
12350,364,293,356
12350,365,313,362
12350,366,376,357
12350,367,401,390
12360,357,342,350
12360,358,355,349
12360,363,327,450
12360,364,290,380
12360,365,318,388
12360,366,376,380
12360,367,401,390
12370,357,341,361
12370,358,355,360
12370,364,290,402
12370,365,323,413
12370,366,372,398
12370,367,401,390
12380,357,342,372
12380,358,356,370
12380,364,291,423
12380,365,323,431
12380,366,365,414
12380,367,401,390
