10,1,617,411
10,2,611,390
10,3,548,387
10,4,542,357
10,5,398,392
10,6,406,432
10,7,320,420
10,8,215,270
20,1,592,411
20,2,587,390
20,3,529,384
20,4,521,355
20,5,382,395
20,6,429,434
20,7,342,427
20,8,225,274
30,1,568,410
30,2,563,390
30,3,509,380
30,4,500,353
30,5,365,397
30,6,453,436
30,7,365,432
30,8,234,275
30,9,699,427
40,1,545,408
40,2,541,388
40,3,490,378
40,4,480,352
40,5,348,400
40,6,472,436
40,7,389,436
40,8,241,274
40,9,672,433
50,1,522,407
50,2,520,386
50,3,470,377
50,4,461,352
50,5,331,405
50,6,491,436
50,7,414,439
50,8,248,273
50,9,645,437
60,1,499,408
60,2,498,385
60,3,451,375
60,4,442,352
60,5,314,410
60,6,508,434
60,7,438,443
60,8,255,272
60,9,622,438
70,1,478,413
70,2,474,390
70,3,432,373
70,4,422,352
70,5,297,415
70,6,522,428
70,7,462,448
70,8,262,271
70,9,598,438
80,1,456,419
80,2,451,394
80,3,412,371
80,4,403,352
80,5,279,419
80,6,538,418
80,7,486,453
80,8,270,271
80,9,577,437
90,1,434,424
90,2,427,399
90,3,392,370
90,4,383,350
90,5,260,422
90,6,556,405
90,7,512,455
90,8,278,270
90,9,555,435
100,1,409,430
100,2,402,406
100,3,372,368
100,4,363,347
100,5,242,425
100,6,574,391
100,7,538,458
100,8,285,270
100,9,535,435
110,1,384,436
110,2,377,412
110,3,352,366
110,4,342,345
110,5,224,428
110,6,590,377
110,7,564,460
110,8,291,268
110,9,515,440
120,1,359,440
120,2,353,416
120,3,333,364
120,4,322,343
120,5,205,431
120,6,605,362
120,7,587,460
120,8,294,267
120,9,495,445
120,10,15,283
130,1,334,442
130,2,328,418
130,3,313,364
130,4,302,340
130,5,187,433
130,6,620,347
130,7,610,460
130,8,298,265
130,9,471,449
130,10,28,287
140,1,309,444
140,2,304,420
140,3,294,364
140,4,283,339
140,5,170,436
140,6,633,331
140,7,634,457
140,8,298,263
140,9,445,452
140,10,42,291
150,1,283,445
150,2,279,422
150,3,275,364
150,4,265,337
150,5,152,438
150,6,638,311
150,7,661,450
150,8,297,261
150,9,420,454
150,10,57,295
160,1,257,446
160,2,256,422
160,3,255,364
160,4,247,335
160,5,135,440
160,6,642,291
160,7,687,442
160,8,297,259
160,9,399,452
160,10,80,298
170,1,231,447
170,2,232,422
170,3,237,363
170,4,228,334
170,5,117,442
170,6,647,273
170,8,285,259
170,9,378,450
170,10,103,302
180,1,206,450
180,2,209,422
180,3,219,362
180,4,210,332
180,5,101,443
180,6,652,254
180,8,274,260
180,9,357,449
180,10,127,305
190,1,183,454
190,2,184,425
190,3,201,362
190,4,193,330
190,5,85,443
190,6,653,236
190,8,263,261
190,9,334,450
190,10,150,308
200,1,159,458
200,2,159,428
200,3,183,361
200,4,176,327
200,5,69,443
200,6,653,219
200,8,252,261
200,9,311,451
200,10,173,311
200,11,20,269
210,1,136,463
210,2,134,430
210,3,165,359
210,4,159,325
210,5,52,443
210,6,652,201
210,8,242,260
210,9,289,452
210,10,196,313
210,11,45,279
220,1,114,465
220,2,112,432
220,3,147,356
220,4,143,323
220,5,36,443
220,6,652,184
220,8,233,259
220,9,266,452
220,10,219,316
220,11,71,287
230,1,92,468
230,2,89,434
230,3,128,353
230,4,129,320
230,5,20,443
230,6,651,167
230,8,224,257
230,9,244,450
230,10,241,319
230,11,101,289
240,1,70,471
240,2,67,437
240,3,110,349
240,4,115,318
240,6,650,151
240,8,215,257
240,9,222,448
240,10,264,322
240,11,132,291
250,1,48,473
250,2,45,440
250,3,91,346
250,4,101,315
250,6,649,134
250,8,205,258
250,9,200,447
250,10,286,326
250,11,164,297
260,1,27,476
260,2,23,443
260,3,75,339
260,4,87,313
260,6,649,118
260,8,196,259
260,9,178,446
260,10,308,328
260,11,197,305
270,3,59,331
270,4,75,307
270,8,186,260
270,9,157,445
270,10,330,328
270,11,230,312
280,3,42,324
280,4,64,301
280,8,176,261
280,9,136,444
280,10,352,329
280,11,262,322
290,3,27,317
290,4,53,296
290,8,168,262
290,9,114,443
290,10,373,329
290,11,295,332
300,3,14,309
300,4,42,290
300,8,159,262
300,9,97,442
300,10,396,331
300,11,328,342
310,4,28,282
310,8,151,262
310,9,85,441
310,10,420,332
310,11,361,352
320,4,15,275
320,8,142,262
320,9,72,440
320,10,444,334
320,11,393,362
330,8,140,264
330,9,63,439
330,10,467,336
330,11,427,369
330,12,717,417
340,8,138,267
340,9,63,439
340,10,491,336
340,11,462,371
340,12,691,415
340,13,683,439
350,8,137,269
350,9,62,439
350,10,513,335
350,11,497,374
350,12,666,413
350,13,656,439
360,8,135,271
360,9,61,439
360,10,536,333
360,11,531,376
360,12,640,411
360,13,629,439
370,8,133,273
370,9,60,438
370,10,558,332
370,11,565,380
370,12,614,409
370,13,602,438
380,8,128,273
380,9,60,438
380,10,581,331
380,11,599,384
380,12,587,408
380,13,576,437
390,8,124,274
390,9,59,438
390,10,606,331
390,11,633,388
390,12,560,406
390,13,550,435
400,8,120,274
400,9,58,438
400,10,631,332
400,11,666,390
400,12,535,402
400,13,525,429
410,8,114,276
410,9,58,437
410,10,656,332
410,11,699,393
410,12,510,397
410,13,499,423
420,8,109,279
420,9,57,437
420,10,682,333
420,12,485,392
420,13,473,418
430,8,103,281
430,9,56,437
430,10,700,323
430,12,461,389
430,13,448,413
440,8,99,281
440,9,55,436
440,12,438,385
440,13,423,409
450,8,96,281
450,9,55,436
450,12,414,381
450,13,397,405
460,8,92,281
460,9,54,436
460,12,391,378
460,13,374,401
460,14,701,440
470,8,88,281
470,9,53,436
470,12,367,374
470,13,352,397
470,14,671,437
470,15,689,406
480,8,83,282
480,9,52,435
480,12,344,370
480,13,330,393
480,14,641,434
480,15,660,404
490,8,78,283
490,9,52,435
490,12,320,367
490,13,308,389
490,14,611,432
490,15,631,402
490,16,12,272
500,8,73,284
500,9,51,435
500,12,298,363
500,13,287,385
500,14,582,428
500,15,601,397
500,16,16,276
510,8,70,281
510,9,50,435
510,12,278,358
510,13,265,382
510,14,553,424
510,15,571,392
510,16,20,281
520,8,69,276
520,9,50,434
520,12,258,353
520,13,244,378
520,14,524,421
520,15,542,387
520,16,24,286
520,17,9,305
530,8,69,270
530,9,49,434
530,12,238,348
530,13,222,374
530,14,496,415
530,15,516,383
530,16,28,290
530,17,22,309
540,8,69,268
540,9,48,434
540,12,218,343
540,13,201,371
540,14,468,408
540,15,490,379
540,16,32,290
540,17,36,314
550,8,69,268
550,9,47,433
550,12,194,341
550,13,176,369
550,14,440,401
550,15,464,376
550,16,35,290
550,17,47,315
560,8,69,268
560,9,44,432
560,12,171,340
560,13,152,367
560,14,413,394
560,15,437,373
560,16,39,290
560,17,56,312
570,8,69,267
570,9,41,431
570,12,148,339
570,13,127,366
570,14,386,391
570,15,410,370
570,16,44,291
570,17,66,309
580,8,69,267
580,9,37,430
580,12,126,338
580,13,103,363
580,14,360,388
580,15,383,367
580,16,49,292
580,17,73,306
590,8,69,267
590,9,33,429
590,12,106,335
590,13,81,357
590,14,333,386
590,15,358,363
590,16,53,293
590,17,80,302
590,18,19,291
600,8,69,266
600,9,28,429
600,12,86,332
600,13,58,351
600,14,307,383
600,15,333,358
600,16,58,293
600,17,86,299
600,18,21,298
610,8,69,266
610,9,23,429
610,12,67,329
610,13,36,344
610,14,280,379
610,15,308,354
610,16,66,292
610,17,92,297
610,18,30,306
610,19,12,227
620,8,69,265
620,9,18,429
620,12,52,330
620,13,15,337
620,14,254,375
620,15,283,351
620,16,73,292
620,17,98,297
620,18,42,314
620,19,16,235
630,8,69,265
630,9,13,429
630,12,37,332
630,14,227,370
630,15,258,350
630,16,80,291
630,17,103,297
630,18,61,319
630,19,20,244
640,8,69,265
640,12,18,328
640,14,202,367
640,15,233,349
640,16,88,290
640,17,108,297
640,18,77,322
640,19,23,252
640,20,19,313
650,8,69,264
650,14,179,365
650,15,213,348
650,16,100,286
650,17,118,296
650,18,90,324
650,19,31,261
650,20,32,320
660,8,69,264
660,14,156,364
660,15,193,347
660,16,112,282
660,17,128,294
660,18,103,326
660,19,43,269
660,20,45,327
670,8,69,264
670,14,133,362
670,15,171,344
670,16,124,278
670,17,138,293
670,18,118,326
670,19,56,278
670,20,52,338
680,8,69,263
680,14,110,362
680,15,152,343
680,16,137,275
680,17,147,292
680,18,131,327
680,19,69,286
680,20,58,349
690,8,69,263
690,14,89,362
690,15,135,344
690,16,151,273
690,17,156,291
690,18,142,331
690,19,89,288
690,20,60,350
700,8,69,263
700,14,67,361
700,15,120,344
700,16,165,271
700,17,166,289
700,18,148,334
700,19,109,291
700,20,62,349
710,8,69,262
710,14,47,358
710,15,105,348
710,16,179,270
710,17,175,288
710,18,147,335
710,19,125,291
710,20,64,348
720,8,69,262
720,14,29,347
720,15,89,353
720,16,193,270
720,17,188,290
720,18,146,336
720,19,140,290
720,20,66,347
730,8,69,262
730,14,12,335
730,15,74,358
730,16,207,270
730,17,203,294
730,18,146,336
730,19,155,290
730,20,68,346
740,8,69,261
740,15,54,361
740,16,221,271
740,17,218,297
740,18,145,337
740,19,169,292
740,20,70,346
750,8,69,261
750,15,34,356
750,16,236,272
750,17,232,298
750,18,136,352
750,19,182,294
750,20,71,354
760,8,69,261
760,15,14,344
760,16,251,273
760,17,247,298
760,18,125,370
760,19,195,296
760,20,69,367
770,8,69,260
770,15,4,329
770,16,266,275
770,17,261,298
770,18,114,388
770,19,210,296
770,20,66,383
780,8,69,260
780,16,281,276
780,17,275,298
780,18,103,406
780,19,226,296
780,20,62,399
790,8,69,260
790,16,294,277
790,17,290,299
790,18,92,423
790,19,242,296
790,20,52,415
800,8,69,259
800,16,308,279
800,17,305,300
800,18,82,441
800,19,258,295
800,20,42,430
810,8,69,259
810,16,321,280
810,17,320,302
810,18,72,459
810,19,271,294
810,20,31,446
820,8,69,259
820,16,337,286
820,17,333,306
820,18,62,478
820,19,283,293
820,20,19,461
830,8,69,258
830,16,353,293
830,17,347,311
830,18,54,494
830,19,296,292
830,20,8,476
840,8,69,258
840,16,370,299
840,17,360,316
840,18,47,510
840,19,307,294
850,8,69,257
850,16,386,307
850,17,375,321
850,18,40,526
850,19,319,296
850,22,16,208
860,8,69,257
860,16,404,314
860,17,391,327
860,18,33,538
860,19,331,298
860,21,665,115
860,22,21,218
870,8,69,257
870,16,421,322
870,17,406,332
870,18,28,544
870,19,345,301
870,21,662,135
870,22,26,228
880,8,69,256
880,16,439,330
880,17,422,338
880,18,22,551
880,19,359,303
880,21,660,154
880,22,32,237
890,8,69,256
890,16,455,335
890,17,438,344
890,18,17,557
890,19,372,306
890,21,656,172
890,22,37,247
900,8,69,256
900,16,471,340
900,17,454,351
900,18,13,562
900,19,389,307
900,21,649,187
900,22,46,259
910,8,69,255
910,16,487,344
910,17,469,357
910,18,9,566
910,19,406,308
910,21,641,203
910,22,58,273
920,8,69,255
920,16,503,349
920,17,485,364
920,18,6,571
920,19,422,309
920,21,634,218
920,22,71,287
930,8,69,255
930,16,522,355
930,17,500,369
930,18,2,575
930,19,436,312
930,21,624,232
930,22,88,292
940,8,69,256
940,16,540,360
940,17,515,374
940,19,450,316
940,21,614,246
940,22,106,295
950,8,68,258
950,16,559,366
950,17,531,380
950,19,464,319
950,21,603,260
950,22,124,299
960,8,67,261
960,16,576,370
960,17,546,385
960,19,481,325
960,21,593,276
960,22,141,298
970,8,65,263
970,16,592,374
970,17,563,390
970,19,498,330
970,21,582,291
970,22,159,298
980,8,63,265
980,16,608,377
980,17,583,396
980,19,516,336
980,21,569,306
980,22,177,298
990,8,61,267
990,16,623,380
990,17,602,401
990,19,534,344
990,21,549,316
990,22,198,298
1000,8,59,269
1000,16,639,383
1000,17,622,406
1000,19,553,353
1000,21,528,326
1000,22,222,299
1010,8,57,272
1010,16,654,384
1010,17,639,409
1010,19,572,362
1010,21,499,332
1010,22,245,299
1020,8,55,274
1020,16,670,386
1020,17,654,410
1020,19,592,367
1020,21,471,337
1020,22,267,301
1030,8,54,277
1030,16,685,388
1030,17,669,411
1030,19,613,373
1030,21,443,341
1030,22,289,304
1040,8,53,279
1040,16,701,390
1040,17,685,413
1040,19,633,378
1040,21,415,345
1040,22,310,307
1050,8,54,279
1050,17,700,414
1050,19,656,379
1050,21,387,348
1050,22,332,310
1060,8,55,280
1060,19,678,380
1060,21,359,352
1060,22,354,315
1070,8,56,281
1070,19,701,381
1070,21,331,356
1070,22,376,320
1080,8,57,282
1080,21,304,360
1080,22,398,325
1080,23,708,298
1090,8,58,282
1090,21,275,363
1090,22,421,329
1090,23,686,304
1100,8,59,283
1100,21,246,365
1100,22,444,333
1100,23,664,309
1100,24,703,453
1110,8,60,284
1110,21,217,367
1110,22,467,336
1110,23,639,311
1110,24,677,453
1110,25,688,431
1120,8,61,284
1120,21,189,369
1120,22,491,341
1120,23,614,312
1120,24,650,453
1120,25,659,430
1130,8,62,285
1130,21,160,368
1130,22,515,345
1130,23,589,313
1130,24,624,454
1130,25,630,429
1140,8,63,286
1140,21,131,368
1140,22,539,349
1140,23,567,318
1140,24,599,457
1140,25,603,427
1150,8,64,287
1150,21,102,368
1150,22,562,353
1150,23,546,324
1150,24,574,460
1150,25,577,424
1160,8,65,287
1160,21,77,365
1160,22,586,358
1160,23,525,329
1160,24,549,463
1160,25,550,422
1160,26,16,438
1170,8,66,288
1170,21,51,361
1170,22,611,363
1170,23,503,333
1170,24,524,463
1170,25,524,420
1170,26,45,432
1180,8,67,289
1180,21,26,358
1180,22,635,369
1180,23,481,336
1180,24,499,461
1180,25,499,419
1180,26,73,426
1190,8,68,289
1190,22,660,374
1190,23,459,339
1190,24,474,459
1190,25,475,418
1190,26,100,418
1200,8,69,290
1200,22,685,379
1200,23,437,343
1200,24,450,457
1200,25,451,416
1200,26,126,408
1210,8,75,289
1210,23,414,349
1210,24,425,456
1210,25,426,415
1210,26,153,400
1220,8,85,287
1220,23,390,355
1220,24,401,454
1220,25,403,414
1220,26,182,393
1230,8,95,284
1230,23,367,361
1230,24,377,453
1230,25,379,413
1230,26,210,386
1240,8,106,283
1240,23,345,369
1240,24,353,451
1240,25,356,412
1240,26,236,378
1250,8,118,282
1250,23,324,376
1250,24,329,450
1250,25,332,411
1250,26,261,369
1260,8,130,282
1260,23,302,383
1260,24,306,450
1260,25,309,411
1260,26,287,365
1270,8,142,281
1270,23,281,384
1270,24,284,449
1270,25,287,412
1270,26,313,362
1280,8,153,280
1280,23,260,386
1280,24,261,449
1280,25,264,413
1280,26,338,362
1290,8,164,279
1290,23,239,387
1290,24,238,449
1290,25,242,414
1290,26,363,362
1300,8,175,278
1300,23,217,388
1300,24,215,449
1300,25,220,416
1300,26,389,362
1310,8,183,277
1310,23,194,389
1310,24,192,449
1310,25,197,416
1310,26,413,367
1310,27,699,289
1320,8,190,277
1320,23,171,390
1320,24,169,449
1320,25,175,416
1320,26,437,373
1320,27,673,294
1330,8,197,276
1330,23,147,391
1330,24,146,450
1330,25,153,417
1330,26,462,379
1330,27,647,300
1340,8,204,276
1340,23,126,393
1340,24,120,451
1340,25,131,417
1340,26,487,388
1340,27,619,306
1350,8,212,276
1350,23,105,395
1350,24,95,453
1350,25,109,418
1350,26,513,397
1350,27,591,312
1360,8,216,274
1360,23,84,398
1360,24,70,455
1360,25,85,421
1360,26,539,407
1360,27,560,318
1370,8,220,272
1370,23,62,400
1370,24,45,456
1370,25,61,424
1370,26,567,414
1370,27,530,323
1380,8,224,270
1380,23,37,403
1380,24,20,458
1380,25,37,427
1380,26,596,421
1380,27,500,325
1390,8,229,269
1390,23,12,406
1390,25,13,430
1390,26,626,426
1390,27,470,328
1400,8,231,268
1400,26,656,429
1400,27,441,325
1410,8,228,269
1410,26,686,431
1410,27,413,323
1420,8,225,270
1420,27,384,321
1430,8,223,270
1430,27,353,319
1440,8,216,272
1440,27,322,318
1450,8,208,273
1450,27,290,316
1460,8,201,274
1460,27,260,314
1470,8,193,276
1470,27,232,311
1480,8,186,277
1480,27,203,309
1490,8,178,278
1490,27,175,305
1500,8,171,279
1500,27,147,299
1510,8,163,280
1510,27,120,293
1520,8,156,280
1520,27,94,285
1530,8,148,280
1530,27,72,273
1540,8,141,279
1540,27,54,260
1550,8,133,279
1550,27,41,246
1560,8,126,279
1560,27,28,232
1560,28,27,371
1560,29,26,336
1570,8,121,278
1570,27,18,219
1570,28,51,371
1570,29,50,338
1570,30,684,385
1570,31,697,418
1580,8,116,278
1580,27,11,206
1580,28,76,372
1580,29,73,339
1580,30,653,385
1580,31,665,414
1590,8,111,278
1590,28,99,373
1590,29,97,341
1590,30,622,384
1590,31,633,411
1600,8,107,278
1600,28,123,374
1600,29,121,341
1600,30,593,382
1600,31,602,410
1610,8,103,278
1610,28,146,375
1610,29,145,341
1610,30,563,379
1610,31,572,410
1620,8,98,278
1620,28,171,375
1620,29,169,341
1620,30,534,378
1620,31,542,410
1630,8,94,279
1630,28,196,374
1630,29,193,342
1630,30,505,378
1630,31,512,410
1640,8,89,280
1640,28,221,374
1640,29,218,342
1640,30,476,379
1640,31,482,412
1650,8,85,282
1650,28,245,374
1650,29,243,343
1650,30,447,382
1650,31,453,413
1660,8,81,284
1660,28,270,375
1660,29,268,344
1660,30,418,386
1660,31,425,413
1670,8,77,286
1670,28,294,375
1670,29,292,344
1670,30,389,389
1670,31,398,413
1670,32,23,406
1670,33,19,372
1680,8,78,286
1680,28,318,375
1680,29,317,344
1680,30,361,392
1680,31,371,416
1680,32,47,405
1680,33,42,372
1690,8,79,286
1690,28,341,374
1690,29,342,343
1690,30,335,392
1690,31,344,420
1690,32,70,404
1690,33,64,372
1700,8,80,286
1700,28,365,374
1700,29,367,343
1700,30,308,391
1700,31,318,425
1700,32,94,403
1700,33,87,370
1710,8,81,287
1710,28,389,374
1710,29,391,344
1710,30,280,390
1710,31,292,431
1710,32,117,401
1710,33,111,369
1720,8,82,287
1720,28,414,375
1720,29,415,345
1720,30,253,391
1720,31,267,436
1720,32,140,400
1720,33,134,367
1730,8,83,287
1730,28,439,376
1730,29,439,347
1730,30,229,396
1730,31,240,439
1730,32,158,393
1730,33,154,360
1740,8,84,287
1740,28,464,377
1740,29,463,349
1740,30,205,401
1740,31,213,441
1740,32,175,384
1740,33,175,353
1750,8,87,288
1750,28,490,382
1750,29,490,352
1750,30,180,404
1750,31,185,442
1750,32,192,377
1750,33,197,349
1760,8,92,288
1760,28,517,387
1760,29,518,356
1760,30,155,406
1760,31,155,441
1760,32,210,372
1760,33,219,346
1770,8,96,288
1770,28,544,392
1770,29,545,360
1770,30,129,407
1770,31,126,439
1770,32,226,371
1770,33,235,342
1780,8,101,288
1780,28,571,397
1780,29,572,363
1780,30,102,406
1780,31,98,439
1780,32,241,371
1780,33,243,339
1790,8,106,288
1790,28,598,400
1790,29,599,366
1790,30,75,405
1790,31,70,439
1790,32,255,370
1790,33,252,337
1800,8,108,288
1800,28,625,404
1800,29,626,370
1800,30,47,404
1800,31,42,439
1800,32,256,370
1800,33,252,336
1810,8,105,287
1810,28,651,407
1810,29,653,373
1810,30,20,402
1810,31,15,440
1810,32,258,369
1810,33,253,336
1820,8,103,287
1820,28,677,411
1820,29,681,376
1820,32,259,369
1820,33,253,336
1820,34,9,281
1830,8,100,286
1830,28,703,415
1830,29,708,379
1830,32,261,368
1830,33,254,336
1830,34,17,285
1840,8,98,285
1840,32,263,367
1840,33,254,335
1840,34,26,289
1850,8,95,285
1850,32,264,367
1850,33,255,335
1850,34,35,294
1860,8,93,284
1860,32,266,366
1860,33,255,335
1860,34,45,300
1860,35,17,338
1870,8,90,283
1870,32,267,366
1870,33,256,335
1870,34,54,307
1870,35,27,342
1880,8,88,282
1880,32,269,365
1880,33,256,334
1880,34,64,314
1880,35,37,346
1890,8,85,282
1890,32,271,364
1890,33,257,334
1890,34,72,317
1890,35,47,350
1900,8,78,283
1900,32,278,363
1900,33,257,334
1900,34,79,319
1900,35,57,352
1910,8,68,286
1910,32,285,361
1910,33,258,334
1910,34,87,321
1910,35,68,352
1920,8,59,288
1920,32,288,360
1920,33,258,333
1920,34,94,323
1920,35,79,352
1930,8,49,290
1930,32,290,359
1930,33,259,333
1930,34,104,324
1930,35,88,351
1940,8,36,289
1940,32,293,359
1940,33,259,333
1940,34,114,325
1940,35,96,351
1950,8,23,288
1950,32,295,358
1950,33,260,333
1950,34,124,326
1950,35,103,351
1960,8,10,286
1960,32,297,357
1960,33,260,333
1960,34,134,326
1960,35,111,350
1970,32,300,357
1970,33,270,333
1970,34,143,324
1970,35,121,348
1980,32,307,359
1980,33,282,333
1980,34,151,321
1980,35,131,347
1990,32,317,364
1990,33,297,335
1990,34,160,318
1990,35,141,345
2000,32,327,369
2000,33,317,340
2000,34,168,315
2000,35,149,342
2010,32,344,372
2010,33,337,345
2010,34,172,313
2010,35,157,340
2020,32,362,376
2020,33,358,347
2020,34,174,312
2020,35,165,338
2030,32,381,379
2030,33,379,348
2030,34,176,310
2030,35,173,336
2030,36,16,354
2040,32,402,383
2040,33,400,350
2040,34,177,308
2040,35,178,335
2040,36,51,363
2050,32,423,387
2050,33,421,351
2050,34,179,306
2050,35,184,334
2050,36,85,371
2060,32,445,390
2060,33,442,353
2060,34,181,305
2060,35,189,334
2060,36,117,376
2070,32,466,392
2070,33,463,355
2070,34,187,303
2070,35,197,334
2070,36,149,380
2080,32,487,394
2080,33,484,357
2080,34,202,303
2080,35,212,336
2080,36,181,384
2080,37,702,379
2090,32,508,396
2090,33,505,360
2090,34,217,303
2090,35,226,337
2090,36,213,388
2090,37,670,369
2100,32,530,396
2100,33,525,363
2100,34,232,303
2100,35,241,339
2100,36,247,391
2100,37,641,360
2110,32,552,396
2110,33,545,367
2110,34,249,304
2110,35,256,341
2110,36,281,394
2110,37,613,353
2120,32,576,399
2120,33,566,370
2120,34,267,307
2120,35,271,344
2120,36,316,398
2120,37,585,346
2130,32,601,402
2130,33,589,372
2130,34,285,309
2130,35,286,347
2130,36,351,401
2130,37,557,339
2140,32,626,406
2140,33,612,374
2140,34,303,311
2140,35,301,351
2140,36,386,405
2140,37,529,332
2150,32,651,409
2150,33,636,376
2150,34,319,315
2150,35,316,354
2150,36,421,408
2150,37,501,329
2160,32,676,413
2160,33,659,377
2160,34,335,319
2160,35,330,359
2160,36,458,412
2160,37,473,324
2170,32,701,416
2170,33,682,379
2170,34,351,323
2170,35,345,363
2170,36,495,415
2170,37,446,317
2180,33,706,381
2180,34,367,327
2180,35,359,367
2180,36,532,419
2180,37,419,310
2190,34,383,331
2190,35,373,372
2190,36,570,425
2190,37,391,305
2200,34,398,335
2200,35,387,376
2200,36,608,431
2200,37,363,301
2210,34,414,338
2210,35,402,380
2210,36,646,437
2210,37,335,298
2220,34,430,342
2220,35,416,385
2220,36,684,443
2220,37,308,295
2230,34,446,346
2230,35,431,389
2230,37,281,293
2240,34,459,347
2240,35,447,393
2240,37,254,291
2250,34,472,349
2250,35,464,397
2250,37,225,288
2260,34,485,350
2260,35,481,401
2260,37,197,285
2270,34,499,351
2270,35,498,405
2270,37,168,282
2280,34,512,353
2280,35,515,409
2280,37,142,278
2290,34,525,354
2290,35,529,408
2290,37,118,273
2300,34,537,357
2300,35,544,408
2300,37,94,268
2310,34,549,359
2310,35,559,408
2310,37,72,262
2320,34,561,362
2320,35,574,408
2320,37,55,257
2330,34,573,365
2330,35,589,408
2330,37,37,252
2340,34,585,368
2340,35,604,408
2340,37,32,244
2350,34,599,370
2350,35,618,408
2350,37,30,236
2360,34,615,373
2360,35,632,412
2360,37,28,228
2370,34,631,376
2370,35,645,415
2370,37,26,220
2380,34,647,379
2380,35,659,418
2380,37,25,212
2390,34,662,382
2390,35,672,422
2390,37,23,204
2400,34,678,385
2400,35,686,425
2410,34,694,388
2410,35,699,428
2530,38,690,386
2530,39,701,365
2540,38,666,383
2540,39,677,362
2550,38,643,381
2550,39,653,359
2560,38,616,380
2560,39,627,356
2570,38,590,379
2570,39,597,352
2580,38,563,378
2580,39,568,349
2590,38,536,377
2590,39,539,345
2600,38,511,376
2600,39,514,344
2610,38,487,375
2610,39,490,342
2620,38,462,374
2620,39,465,340
2630,38,438,374
2630,39,440,339
2640,38,413,373
2640,39,416,339
2650,38,387,373
2650,39,392,339
2660,38,362,372
2660,39,369,339
2670,38,337,372
2670,39,345,339
2680,38,312,373
2680,39,322,339
2690,38,287,378
2690,39,299,338
2700,38,262,382
2700,39,276,336
2710,38,237,387
2710,39,252,337
2720,38,212,392
2720,39,227,344
2730,38,187,399
2730,39,201,351
2740,38,163,405
2740,39,175,357
2750,38,138,408
2750,39,149,364
2760,38,113,412
2760,39,124,370
2770,38,88,416
2770,39,99,376
2780,38,61,418
2780,39,73,380
2790,38,34,421
2790,39,48,384
2800,39,22,387
2880,40,692,412
2880,41,716,398
2890,40,668,410
2890,41,694,395
2900,40,644,407
2900,41,672,392
2910,40,622,404
2910,41,651,389
2920,40,600,401
2920,41,628,384
2930,40,578,399
2930,41,605,380
2940,40,555,396
2940,41,582,376
2940,42,19,335
2950,40,530,394
2950,41,561,373
2950,42,45,336
2960,40,506,393
2960,41,541,371
2960,42,71,337
2970,40,481,391
2970,41,520,368
2970,42,95,337
2980,40,459,387
2980,41,500,365
2980,42,119,336
2990,40,438,384
2990,41,479,366
2990,42,143,335
3000,40,416,380
3000,41,458,367
3000,42,167,333
3010,40,395,377
3010,41,437,368
3010,42,189,333
3020,40,373,374
3020,41,417,369
3020,42,212,333
3030,40,351,370
3030,41,397,366
3030,42,235,333
3030,43,703,383
3040,40,329,367
3040,41,378,364
3040,42,258,332
3040,43,671,381
3040,44,12,372
3050,40,308,365
3050,41,359,361
3050,42,282,332
3050,43,639,379
3050,44,34,373
3050,45,29,405
3060,40,288,364
3060,41,339,358
3060,42,306,332
3060,43,608,379
3060,44,57,374
3060,45,55,409
3070,40,268,363
3070,41,319,357
3070,42,330,332
3070,43,578,382
3070,44,80,375
3070,45,82,414
3080,40,248,362
3080,41,299,355
3080,42,354,332
3080,43,548,386
3080,44,105,377
3080,45,105,414
3090,40,228,359
3090,41,279,353
3090,42,378,332
3090,43,517,387
3090,44,130,379
3090,45,128,415
3100,40,209,356
3100,41,259,350
3100,42,401,332
3100,43,484,386
3100,44,155,381
3100,45,151,416
3110,40,190,353
3110,41,239,347
3110,42,425,332
3110,43,452,384
3110,44,181,384
3110,45,175,418
3120,40,171,350
3120,41,219,344
3120,42,448,335
3120,43,420,380
3120,44,206,386
3120,45,201,420
3130,40,152,346
3130,41,199,341
3130,42,470,337
3130,43,389,375
3130,44,232,388
3130,45,226,422
3130,46,22,408
3130,47,19,439
3140,40,135,340
3140,41,181,337
3140,42,493,340
3140,43,358,369
3140,44,256,390
3140,45,251,425
3140,46,48,406
3140,47,39,436
3150,40,118,334
3150,41,163,334
3150,42,516,342
3150,43,327,364
3150,44,280,391
3150,45,277,426
3150,46,74,404
3150,47,60,433
3160,40,101,329
3160,41,145,331
3160,42,542,345
3160,43,295,362
3160,44,304,392
3160,45,302,426
3160,46,100,402
3160,47,81,431
3170,40,83,322
3170,41,128,327
3170,42,569,349
3170,43,264,359
3170,44,328,393
3170,45,327,426
3170,46,124,399
3170,47,104,431
3180,40,64,313
3180,41,111,323
3180,42,595,353
3180,43,232,357
3180,44,353,395
3180,45,352,426
3180,46,148,396
3180,47,127,431
3190,40,45,305
3190,41,95,318
3190,42,620,356
3190,43,200,355
3190,44,379,396
3190,45,376,429
3190,46,172,395
3190,47,150,431
3200,40,26,296
3200,41,78,314
3200,42,643,358
3200,43,169,354
3200,44,404,397
3200,45,399,434
3200,46,194,395
3200,47,173,431
3200,48,35,433
3210,40,14,287
3210,41,62,308
3210,42,667,362
3210,43,137,353
3210,44,430,399
3210,45,422,439
3210,46,217,395
3210,47,198,431
3210,48,59,435
3210,49,704,426
3210,50,711,389
3220,40,4,277
3220,41,46,301
3220,42,692,368
3220,43,105,353
3220,44,454,403
3220,45,445,444
3220,46,240,395
3220,47,222,432
3220,48,83,437
3220,49,677,421
3220,50,684,383
3230,41,30,294
3230,43,73,353
3230,44,478,407
3230,45,468,450
3230,46,265,397
3230,47,246,433
3230,48,105,437
3230,49,650,417
3230,50,656,376
3240,41,14,287
3240,43,41,353
3240,44,502,412
3240,45,493,452
3240,46,291,400
3240,47,271,434
3240,48,127,437
3240,49,623,412
3240,50,631,373
3250,43,9,353
3250,44,527,416
3250,45,519,454
3250,46,317,403
3250,47,297,435
3250,48,149,437
3250,49,596,407
3250,50,606,370
3260,44,553,421
3260,45,544,457
3260,46,343,406
3260,47,322,436
3260,48,171,438
3260,49,568,401
3260,50,582,367
3270,44,579,426
3270,45,571,458
3270,46,366,406
3270,47,348,437
3270,48,194,438
3270,49,542,395
3270,50,558,362
3280,44,604,425
3280,45,597,458
3280,46,389,407
3280,47,373,438
3280,48,218,439
3280,49,518,390
3280,50,535,357
3290,44,629,424
3290,45,624,459
3290,46,413,408
3290,47,398,438
3290,48,241,439
3290,49,495,384
3290,50,511,352
3300,44,654,423
3300,45,650,459
3300,46,436,409
3300,47,422,438
3300,48,264,440
3300,49,471,378
3300,50,487,348
3310,44,679,423
3310,45,675,456
3310,46,461,409
3310,47,447,438
3310,48,286,440
3310,49,448,375
3310,50,462,346
3320,44,704,422
3320,45,700,454
3320,46,487,409
3320,47,472,438
3320,48,309,440
3320,49,425,377
3320,50,437,344
3330,46,512,409
3330,47,495,437
3330,48,332,439
3330,49,401,379
3330,50,412,342
3340,46,538,409
3340,47,519,436
3340,48,357,439
3340,49,378,381
3340,50,387,340
3340,51,17,440
3350,46,563,409
3350,47,542,436
3350,48,382,438
3350,49,355,381
3350,50,364,338
3350,51,46,440
3360,46,589,409
3360,47,566,435
3360,48,407,438
3360,49,330,378
3360,50,341,336
3360,51,74,440
3370,46,614,409
3370,47,590,435
3370,48,432,438
3370,49,306,375
3370,50,318,334
3370,51,100,441
3370,53,10,290
3380,46,640,408
3380,47,612,436
3380,48,457,438
3380,49,281,372
3380,50,295,333
3380,51,125,443
3380,52,24,406
3380,53,33,295
3390,46,665,408
3390,47,635,437
3390,48,483,438
3390,49,259,367
3390,50,271,329
3390,51,150,445
3390,52,50,408
3390,53,57,299
3400,46,691,408
3400,47,658,438
3400,48,508,438
3400,49,237,362
3400,50,247,326
3400,51,175,446
3400,52,77,410
3400,53,82,301
3410,46,717,408
3410,47,680,439
3410,48,534,438
3410,49,215,357
3410,50,224,323
3410,51,201,449
3410,52,103,412
3410,53,109,301
3420,47,703,440
3420,48,558,439
3420,49,190,352
3420,50,202,322
3420,51,227,451
3420,52,130,414
3420,53,135,302
3430,48,583,441
3430,49,166,346
3430,50,182,320
3430,51,254,453
3430,52,156,416
3430,53,159,303
3440,48,607,443
3440,49,141,340
3440,50,161,319
3440,51,281,454
3440,52,184,418
3440,53,184,304
3450,48,632,445
3450,49,118,334
3450,50,140,317
3450,51,310,455
3450,52,212,419
3450,53,209,306
3460,48,657,446
3460,49,96,327
3460,50,120,309
3460,51,338,456
3460,52,240,421
3460,53,235,314
3470,48,682,447
3470,49,74,321
3470,50,99,302
3470,51,366,457
3470,52,269,422
3470,53,261,323
3480,48,707,448
3480,49,52,314
3480,50,79,294
3480,51,395,457
3480,52,298,422
3480,53,288,332
3490,49,34,304
3490,50,62,287
3490,51,423,458
3490,52,327,421
3490,53,315,339
3500,49,17,293
3500,50,46,279
3500,51,451,458
3500,52,357,421
3500,53,343,346
3510,50,31,272
3510,51,480,459
3510,52,387,421
3510,53,371,354
3520,51,510,460
3520,52,419,423
3520,53,398,358
3530,51,540,461
3530,52,450,424
3530,53,426,361
3540,51,570,462
3540,52,482,426
3540,53,453,364
3550,51,599,463
3550,52,512,428
3550,53,481,371
3560,51,629,464
3560,52,541,430
3560,53,508,379
3570,51,659,466
3570,52,570,432
3570,53,535,387
3580,51,689,467
3580,52,600,435
3580,53,562,395
3580,54,706,407
3590,52,630,440
3590,53,589,403
3590,54,693,402
3590,55,710,386
3590,56,13,234
3600,52,661,445
3600,53,615,411
3600,54,682,398
3600,55,706,393
3600,56,20,248
3610,52,691,450
3610,53,645,420
3610,54,679,393
3610,55,701,400
3610,56,26,262
3620,53,677,430
3620,54,676,389
3620,55,696,407
3620,56,35,275
3630,53,706,437
3630,54,672,384
3630,55,677,414
3630,56,55,285
3630,58,707,377
3640,54,655,383
3640,55,657,420
3640,56,75,294
3640,58,689,370
3650,54,639,382
3650,55,632,419
3650,56,96,301
3650,58,669,362
3650,59,715,393
3660,54,617,382
3660,55,607,417
3660,56,119,305
3660,57,8,310
3660,58,643,355
3660,59,690,384
3670,54,595,383
3670,55,582,416
3670,56,141,309
3670,57,28,325
3670,58,617,348
3670,59,666,376
3680,54,571,383
3680,55,559,415
3680,56,162,312
3680,57,48,341
3680,58,593,343
3680,59,642,368
3690,54,544,383
3690,55,536,414
3690,56,183,313
3690,57,69,355
3690,58,569,340
3690,59,618,363
3700,54,518,382
3700,55,512,414
3700,56,204,315
3700,57,95,363
3700,58,546,337
3700,59,593,361
3710,54,494,382
3710,55,489,414
3710,56,226,317
3710,57,121,371
3710,58,526,333
3710,59,568,359
3720,54,472,383
3720,55,465,414
3720,56,250,320
3720,57,145,382
3720,58,507,330
3720,59,545,357
3730,54,450,384
3730,55,441,414
3730,56,274,322
3730,57,168,395
3730,58,488,327
3730,59,522,356
3740,54,428,385
3740,55,419,412
3740,56,298,326
3740,57,192,407
3740,58,471,321
3740,59,501,352
3750,54,407,385
3750,55,397,410
3750,56,319,333
3750,57,215,416
3750,58,454,315
3750,59,480,348
3760,54,385,383
3760,55,375,409
3760,56,340,340
3760,57,239,425
3760,58,436,310
3760,59,459,341
3760,60,16,405
3770,54,364,382
3770,55,353,408
3770,56,361,348
3770,57,262,434
3770,58,416,304
3770,59,438,331
3770,60,37,406
3770,61,27,427
3770,62,29,453
3780,54,342,380
3780,55,332,407
3780,56,385,350
3780,57,291,438
3780,58,395,298
3780,59,418,321
3780,60,59,407
3780,61,49,429
3780,62,50,452
3790,54,322,376
3790,55,311,407
3790,56,410,352
3790,57,320,442
3790,58,375,293
3790,59,395,319
3790,60,80,408
3790,61,72,430
3790,62,71,451
3800,54,302,373
3800,55,290,406
3800,56,435,354
3800,57,348,440
3800,58,350,292
3800,59,372,319
3800,60,101,408
3800,61,93,431
3800,62,93,453
3810,54,282,370
3810,55,269,406
3810,56,460,357
3810,57,374,434
3810,58,325,291
3810,59,348,319
3810,60,122,408
3810,61,113,433
3810,62,115,457
3810,63,707,461
3820,54,261,366
3820,55,248,403
3820,56,486,359
3820,57,401,428
3820,58,301,291
3820,59,326,319
3820,60,143,408
3820,61,134,434
3820,62,137,460
3820,63,685,464
3830,54,238,365
3830,55,226,399
3830,56,511,362
3830,57,428,422
3830,58,276,291
3830,59,303,319
3830,60,164,408
3830,61,154,435
3830,62,159,461
3830,63,664,464
3840,54,215,364
3840,55,205,395
3840,56,536,365
3840,57,455,417
3840,58,251,291
3840,59,281,319
3840,60,185,409
3840,61,176,436
3840,62,181,461
3840,63,644,466
3850,54,192,363
3850,55,182,397
3850,56,561,368
3850,57,482,412
3850,58,227,292
3850,59,259,319
3850,60,207,410
3850,61,198,436
3850,62,203,460
3850,63,627,473
3860,54,170,365
3860,55,160,399
3860,56,586,371
3860,57,505,407
3860,58,203,291
3860,59,237,320
3860,60,229,408
3860,61,220,436
3860,62,227,457
3860,63,611,480
3860,64,715,435
3870,54,148,368
3870,55,138,401
3870,56,611,373
3870,57,526,403
3870,58,180,290
3870,59,214,322
3870,60,251,406
3870,61,241,436
3870,62,252,454
3870,63,597,489
3870,64,695,447
3880,54,126,371
3880,55,115,406
3880,56,636,377
3880,57,547,398
3880,58,157,289
3880,59,192,323
3880,60,273,404
3880,61,263,434
3880,62,276,452
3880,63,584,499
3880,64,675,457
3890,54,104,375
3890,55,91,411
3890,56,663,382
3890,57,572,398
3890,58,134,288
3890,59,169,324
3890,60,294,402
3890,61,284,431
3890,62,300,449
3890,63,572,507
3890,64,656,463
3900,54,82,380
3900,55,68,416
3900,56,689,386
3900,57,598,398
3900,58,110,292
3900,59,147,326
3900,60,316,400
3900,61,305,429
3900,62,320,446
3900,63,561,515
3900,64,638,468
3910,54,61,384
3910,55,43,420
3910,56,716,391
3910,57,624,398
3910,58,86,297
3910,59,124,328
3910,60,337,398
3910,61,327,426
3910,62,341,443
3910,63,553,525
3910,64,623,477
3920,54,39,389
3920,55,18,423
3920,57,649,400
3920,58,62,301
3920,59,100,330
3920,60,360,395
3920,61,348,423
3920,62,361,440
3920,63,548,537
3920,64,611,488
3930,54,17,394
3930,57,673,406
3930,58,39,306
3930,59,77,332
3930,60,383,393
3930,61,372,422
3930,62,384,440
3930,63,543,549
3930,64,598,498
3940,57,697,412
3940,58,15,311
3940,59,53,337
3940,60,406,390
3940,61,396,421
3940,62,408,440
3940,63,538,560
3940,64,586,510
3950,59,30,341
3950,60,429,388
3950,61,420,420
3950,62,431,440
3950,63,533,568
3950,64,573,523
3960,60,454,388
3960,61,444,419
3960,62,455,440
3960,63,528,576
3960,64,561,536
3970,60,479,387
3970,61,468,419
3970,62,479,440
3970,63,523,584
3970,64,549,549
3980,60,504,387
3980,61,493,418
3980,62,502,438
3980,64,539,559
3990,60,528,386
3990,61,518,418
3990,62,525,437
3990,64,530,569
4000,60,551,385
4000,61,542,417
4000,62,549,436
4000,64,521,579
4010,60,575,384
4010,61,567,417
4010,62,572,436
4020,60,598,383
4020,61,592,416
4020,62,596,436
4020,65,603,71
4020,66,636,69
4030,60,622,382
4030,61,616,415
4030,62,620,436
4030,65,607,85
4030,66,637,78
4040,60,645,381
4040,61,640,414
4040,62,645,436
4040,65,611,99
4040,66,637,87
4050,60,669,380
4050,61,664,413
4050,62,669,436
4050,65,615,113
4050,66,638,96
4060,60,692,379
4060,61,689,412
4060,62,693,436
4060,65,617,125
4060,66,639,106
4070,65,617,135
4070,66,642,119
4080,65,617,146
4080,66,645,132
4090,65,617,156
4090,66,647,145
4100,65,617,166
4100,66,650,158
4110,65,617,177
4110,66,651,169
4120,65,617,188
4120,66,651,181
4130,65,617,198
4130,66,652,192
4140,65,617,209
4140,66,652,204
4150,65,617,220
4150,66,652,215
4160,65,617,231
4160,66,652,227
4170,65,617,241
4170,66,652,239
4180,65,615,253
4180,66,652,251
4190,65,612,265
4190,66,652,263
4200,65,609,277
4200,66,649,276
4210,65,604,289
4210,66,643,289
4220,65,596,299
4220,66,637,301
4230,65,587,308
4230,66,626,313
4240,65,573,313
4240,66,611,325
4250,65,559,319
4250,66,596,337
4260,65,545,324
4260,66,575,341
4270,65,528,325
4270,66,555,345
4280,65,511,325
4280,66,535,349
4290,65,493,324
4290,66,514,349
4300,65,476,323
4300,66,493,348
4310,65,459,320
4310,66,472,348
4320,65,442,317
4320,66,451,347
4320,67,701,290
4330,65,425,313
4330,66,430,345
4330,67,680,293
4340,65,407,310
4340,66,410,342
4340,67,659,297
4350,65,390,306
4350,66,390,338
4350,67,638,302
4360,65,372,303
4360,66,370,335
4360,67,618,309
4360,68,22,409
4360,69,26,459
4370,65,354,299
4370,66,350,332
4370,67,598,317
4370,68,43,407
4370,69,63,458
4380,65,336,296
4380,66,331,328
4380,67,575,322
4380,68,64,406
4380,69,100,456
4390,65,318,293
4390,66,313,325
4390,67,553,326
4390,68,85,407
4390,69,135,455
4400,65,299,291
4400,66,295,322
4400,67,530,329
4400,68,106,407
4400,69,169,453
4410,65,281,288
4410,66,276,319
4410,67,507,332
4410,68,127,408
4410,69,203,451
4420,65,262,286
4420,66,258,317
4420,67,485,330
4420,68,148,409
4420,69,237,451
4430,65,244,285
4430,66,239,316
4430,67,463,328
4430,68,168,410
4430,69,272,451
4440,65,227,283
4440,66,221,314
4440,67,441,326
4440,68,189,411
4440,69,307,451
4450,65,209,281
4450,66,202,313
4450,67,418,320
4450,68,209,412
4450,69,343,450
4460,65,192,280
4460,66,184,312
4460,67,396,315
4460,68,229,413
4460,69,381,449
4460,70,241,385
4470,65,174,278
4470,66,167,312
4470,67,373,310
4470,68,250,414
4470,69,418,448
4470,70,262,385
4480,65,156,279
4480,66,150,312
4480,67,351,310
4480,68,273,415
4480,69,457,447
4480,70,283,386
4490,65,138,280
4490,66,133,312
4490,67,329,309
4490,68,297,416
4490,69,496,446
4490,70,305,387
4500,65,120,281
4500,66,116,312
4500,67,307,309
4500,68,321,417
4500,69,536,446
4500,70,324,386
4510,65,101,283
4510,66,99,312
4510,67,285,308
4510,68,340,414
4510,69,575,445
4510,70,343,386
4520,65,84,282
4520,66,83,312
4520,67,264,308
4520,68,359,412
4520,69,613,444
4520,70,363,386
4530,65,69,278
4530,66,68,309
4530,67,242,306
4530,68,378,410
4530,69,652,443
4530,70,382,385
4530,71,6,341
4540,65,54,275
4540,66,52,307
4540,67,221,304
4540,68,397,410
4540,69,690,442
4540,70,400,384
4540,71,26,355
4550,65,38,271
4550,66,37,304
4550,67,199,302
4550,68,416,411
4550,70,417,383
4550,71,47,370
4560,65,23,267
4560,66,22,302
4560,67,178,301
4560,68,434,412
4560,70,435,381
4560,71,68,384
4570,67,158,301
4570,68,453,412
4570,70,448,378
4570,71,88,397
4580,67,138,301
4580,68,468,410
4580,70,462,375
4580,71,108,410
4590,67,118,301
4590,68,483,409
4590,70,475,372
4590,71,126,422
4600,67,99,301
4600,68,498,407
4600,70,487,369
4600,71,144,434
4610,67,79,301
4610,68,513,402
4610,70,499,366
4610,71,161,445
4620,67,59,301
4620,68,527,396
4620,70,511,362
4630,67,40,299
4630,68,539,390
4630,70,523,359
4640,67,20,296
4640,68,550,384
4640,70,535,355
4650,68,561,377
4650,70,548,349
4660,68,573,371
4660,70,561,343
4670,68,585,364
4670,70,574,336
4670,72,22,404
4680,68,598,357
4680,70,586,330
4680,72,49,401
4690,68,612,349
4690,70,595,323
4690,72,77,399
4700,68,628,341
4700,70,604,316
4700,72,105,396
4710,68,644,332
4710,70,612,309
4710,72,131,399
4720,68,660,324
4720,70,623,303
4720,72,157,403
4730,68,676,319
4730,70,635,300
4730,72,182,408
4740,68,692,313
4740,70,648,297
4740,72,208,410
4750,68,707,308
4750,70,661,293
4750,72,234,409
4750,73,702,380
4760,70,675,288
4760,72,259,407
4760,73,673,383
4760,74,691,357
4770,70,689,281
4770,72,285,406
4770,73,644,385
4770,74,665,356
4780,70,704,275
4780,72,311,404
4780,73,618,389
4780,74,639,355
4790,72,337,403
4790,73,593,392
4790,74,612,354
4800,72,363,402
4800,73,567,395
4800,74,584,352
4810,72,390,401
4810,73,540,390
4810,74,556,351
4820,72,416,404
4820,73,512,384
4820,74,528,350
4830,72,441,408
4830,73,485,379
4830,74,501,349
4830,75,695,390
4840,72,467,411
4840,73,458,378
4840,74,475,349
4840,75,661,386
4850,72,493,409
4850,73,432,381
4850,74,448,349
4850,75,627,382
4860,72,519,406
4860,73,405,383
4860,74,421,349
4860,75,595,376
4870,72,545,403
4870,73,379,386
4870,74,395,349
4870,75,564,370
4880,72,571,399
4880,73,353,390
4880,74,369,349
4880,75,533,365
4890,72,597,396
4890,73,328,395
4890,74,342,350
4890,75,503,360
4900,72,623,393
4900,73,303,401
4900,74,316,350
4900,75,473,355
4910,72,649,390
4910,73,278,406
4910,74,289,351
4910,75,443,350
4920,72,676,386
4920,73,252,408
4920,74,262,353
4920,75,415,346
4930,72,702,383
4930,73,226,411
4930,74,234,355
4930,75,387,341
4940,73,199,413
4940,74,206,357
4940,75,358,336
4950,73,173,415
4950,74,179,359
4950,75,330,331
4960,73,148,418
4960,74,155,363
4960,75,301,327
4970,73,123,421
4970,74,131,366
4970,75,273,323
4980,73,97,424
4980,74,107,369
4980,75,244,319
4990,73,72,427
4990,74,82,371
4990,75,216,315
5000,73,47,430
5000,74,58,373
5000,75,187,311
5010,73,22,433
5010,74,34,374
5010,75,159,307
5010,76,697,412
5020,74,10,376
5020,75,131,304
5020,76,678,412
5030,75,105,295
5030,76,660,412
5030,77,710,261
5040,75,79,286
5040,76,646,412
5040,77,694,274
5050,75,53,277
5050,76,641,413
5050,77,679,288
5050,78,709,280
5060,75,34,266
5060,76,635,414
5060,77,669,295
5060,78,697,294
5070,75,21,253
5070,76,629,415
5070,77,659,303
5070,78,686,308
5070,79,29,408
5080,76,622,415
5080,77,649,311
5080,78,676,321
5080,79,52,405
5090,76,615,415
5090,77,640,318
5090,78,665,334
5090,79,76,402
5100,76,608,415
5100,77,632,325
5100,78,654,346
5100,79,96,403
5100,80,22,411
5100,81,706,285
5110,76,601,414
5110,77,624,332
5110,78,640,353
5110,79,117,404
5110,80,46,407
5110,81,691,288
5110,82,705,319
5120,76,591,414
5120,77,614,335
5120,78,627,360
5120,79,137,405
5120,80,71,404
5120,81,675,290
5120,82,693,318
5120,85,14,454
5130,76,581,414
5130,77,602,336
5130,78,613,365
5130,79,158,406
5130,80,95,401
5130,81,661,293
5130,82,681,318
5130,85,31,454
5140,76,571,414
5140,77,591,337
5140,78,598,366
5140,79,180,409
5140,80,118,399
5140,81,651,296
5140,82,669,322
5140,83,21,304
5140,85,47,454
5150,76,561,414
5150,77,580,338
5150,78,583,367
5150,79,202,412
5150,80,141,398
5150,81,640,298
5150,82,658,328
5150,83,38,316
5150,85,55,454
5160,76,550,413
5160,77,566,339
5160,78,568,368
5160,79,224,415
5160,80,164,396
5160,81,630,301
5160,82,647,333
5160,83,54,327
5160,84,28,341
5160,85,56,454
5170,76,535,411
5170,77,553,341
5170,78,553,368
5170,79,246,418
5170,80,186,396
5170,81,616,307
5170,82,633,339
5170,83,72,332
5170,84,50,349
5170,85,58,454
5180,76,519,408
5180,77,539,342
5180,78,537,368
5180,79,268,421
5180,80,209,395
5180,81,602,313
5180,82,614,345
5180,83,91,337
5180,84,72,357
5180,85,60,453
5190,76,504,406
5190,77,526,343
5190,78,520,368
5190,79,290,423
5190,80,231,395
5190,81,588,319
5190,82,594,351
5190,83,110,341
5190,84,92,359
5190,85,62,453
5200,76,489,404
5200,77,513,343
5200,78,505,368
5200,79,311,426
5200,80,254,396
5200,81,573,324
5200,82,575,358
5200,83,131,347
5200,84,112,361
5200,85,64,453
5210,76,474,402
5210,77,501,341
5210,78,494,368
5210,79,333,429
5210,80,275,403
5210,81,559,328
5210,82,560,365
5210,83,153,353
5210,84,132,365
5210,85,66,452
5220,76,460,400
5220,77,490,338
5220,78,483,368
5220,79,356,430
5220,80,297,410
5220,81,545,331
5220,82,547,374
5220,83,175,360
5220,84,153,374
5220,85,68,452
5230,76,445,397
5230,77,478,336
5230,78,472,369
5230,79,378,430
5230,80,318,418
5230,81,531,336
5230,82,533,382
5230,83,197,367
5230,84,174,383
5230,85,70,451
5240,76,430,395
5240,77,466,334
5240,78,460,366
5240,79,401,430
5240,80,335,424
5240,81,517,342
5240,82,520,391
5240,83,218,373
5240,84,196,391
5240,85,73,450
5250,76,418,392
5250,77,455,332
5250,78,449,364
5250,79,423,430
5250,80,348,429
5250,81,504,349
5250,82,507,395
5250,83,237,380
5250,84,216,399
5250,85,75,449
5260,76,406,389
5260,77,445,330
5260,78,438,362
5260,79,445,430
5260,80,362,434
5260,81,490,356
5260,82,495,400
5260,83,257,387
5260,84,236,407
5260,85,77,449
5270,76,395,385
5270,77,435,329
5270,78,427,360
5270,79,466,429
5270,80,375,439
5270,81,477,365
5270,82,482,404
5270,83,276,394
5270,84,256,414
5270,85,80,448
5280,76,383,382
5280,77,425,327
5280,78,415,358
5280,79,488,428
5280,80,390,442
5280,81,464,374
5280,82,467,407
5280,83,296,402
5280,84,276,422
5280,85,91,447
5290,76,373,379
5290,77,415,325
5290,78,405,354
5290,79,510,428
5290,80,405,446
5290,81,450,375
5290,82,452,410
5290,83,316,409
5290,84,296,431
5290,85,109,445
5290,86,17,424
5300,76,363,377
5300,77,405,322
5300,78,394,350
5300,79,532,422
5300,80,420,449
5300,81,436,374
5300,82,437,412
5300,83,336,417
5300,84,316,439
5300,85,126,444
5300,86,42,424
5310,76,354,375
5310,77,395,315
5310,78,383,346
5310,79,554,416
5310,80,436,452
5310,81,422,373
5310,82,420,412
5310,83,357,424
5310,84,337,444
5310,85,144,443
5310,86,67,423
5320,76,345,372
5320,77,385,308
5320,78,372,342
5320,79,576,410
5320,80,458,454
5320,81,408,373
5320,82,403,411
5320,83,377,429
5320,84,358,448
5320,85,169,445
5320,86,90,424
5320,87,18,418
5320,88,21,394
5320,89,711,289
5330,76,335,370
5330,77,375,301
5330,78,362,338
5330,79,598,404
5330,80,480,455
5330,81,392,376
5330,82,386,411
5330,83,397,434
5330,84,380,453
5330,85,196,447
5330,86,112,426
5330,87,42,418
5330,88,48,393
5330,89,686,294
5340,76,325,367
5340,77,365,295
5340,78,350,335
5340,79,618,398
5340,80,503,457
5340,81,377,379
5340,82,369,411
5340,83,417,439
5340,84,403,458
5340,85,222,450
5340,86,133,428
5340,87,66,418
5340,88,76,391
5340,89,660,300
5350,76,313,363
5350,77,354,292
5350,78,339,331
5350,79,634,392
5350,80,528,458
5350,81,362,382
5350,82,351,412
5350,83,439,442
5350,84,429,461
5350,85,248,451
5350,86,155,430
5350,87,90,418
5350,88,101,391
5350,89,633,307
5350,90,573,66
5360,76,302,360
5360,77,344,289
5360,78,327,328
5360,79,651,386
5360,80,552,459
5360,81,346,384
5360,82,334,413
5360,83,463,442
5360,84,456,464
5360,85,272,449
5360,86,178,432
5360,87,113,419
5360,88,123,393
5360,89,605,314
5360,90,573,76
5370,76,291,356
5370,77,334,286
5370,78,316,324
5370,79,668,379
5370,80,577,461
5370,81,330,383
5370,82,316,414
5370,83,486,442
5370,84,483,468
5370,85,296,447
5370,86,200,434
5370,87,136,420
5370,88,145,394
5370,89,578,320
5370,90,572,86
5380,76,280,353
5380,77,324,283
5380,78,305,321
5380,79,684,373
5380,80,602,462
5380,81,314,382
5380,82,300,413
5380,83,509,441
5380,84,509,466
5380,85,319,446
5380,86,221,437
5380,87,160,421
5380,88,167,396
5380,89,551,324
5380,90,572,96
5380,91,696,396
5380,92,699,442
5390,76,267,349
5390,77,311,281
5390,78,294,317
5390,79,701,372
5390,80,627,463
5390,81,297,381
5390,82,285,410
5390,83,529,440
5390,84,535,464
5390,85,343,445
5390,86,239,441
5390,87,180,425
5390,88,187,401
5390,89,523,329
5390,90,571,102
5390,91,676,393
5390,92,677,437
5390,93,694,415
5400,76,254,346
5400,77,298,280
5400,78,283,313
5400,80,653,464
5400,81,281,380
5400,82,270,407
5400,83,549,438
5400,84,561,462
5400,85,368,445
5400,86,257,445
5400,87,200,430
5400,88,206,408
5400,89,496,327
5400,90,571,108
5400,91,656,391
5400,92,654,433
5400,93,673,415
5410,76,241,342
5410,77,285,278
5410,78,273,310
5410,80,679,465
5410,81,264,379
5410,82,255,404
5410,83,569,437
5410,84,578,463
5410,85,393,445
5410,86,276,445
5410,87,220,434
5410,88,226,413
5410,89,469,322
5410,90,571,113
5410,91,636,388
5410,92,632,429
5410,93,652,416
5410,94,711,437
5420,76,228,339
5420,77,274,277
5420,78,264,307
5420,80,704,466
5420,81,247,377
5420,82,238,402
5420,83,589,437
5420,84,595,465
5420,85,418,445
5420,86,296,442
5420,87,241,435
5420,88,246,412
5420,89,441,316
5420,90,571,119
5420,91,613,385
5420,92,611,427
5420,93,631,410
5420,94,689,431
5420,95,703,402
5430,76,215,336
5430,77,265,275
5430,78,254,304
5430,81,230,376
5430,82,218,402
5430,83,609,437
5430,84,613,467
5430,85,442,446
5430,86,316,439
5430,87,262,435
5430,88,266,410
5430,89,415,311
5430,90,571,124
5430,91,590,381
5430,92,589,425
5430,93,611,405
5430,94,668,425
5430,95,683,397
5430,96,12,465
5440,76,203,333
5440,77,256,274
5440,78,245,301
5440,81,214,374
5440,82,198,401
5440,83,629,436
5440,84,629,470
5440,85,467,446
5440,86,336,437
5440,87,284,436
5440,88,287,408
5440,89,389,306
5440,90,571,130
5440,91,566,377
5440,92,568,422
5440,93,591,400
5440,94,648,419
5440,95,662,393
5440,96,37,464
5440,97,36,427
5450,76,195,333
5450,77,247,273
5450,78,236,299
5450,81,196,373
5450,82,177,402
5450,83,650,433
5450,84,646,474
5450,85,492,446
5450,86,355,438
5450,87,302,433
5450,88,307,405
5450,89,363,300
5450,90,571,135
5450,91,543,373
5450,92,546,420
5450,93,571,396
5450,94,629,414
5450,95,642,389
5450,96,62,463
5450,97,59,428
5460,76,188,334
5460,77,237,271
5460,78,225,298
5460,81,174,373
5460,82,156,405
5460,83,671,430
5460,84,667,473
5460,85,517,447
5460,86,374,440
5460,87,320,430
5460,88,325,404
5460,89,338,294
5460,90,571,142
5460,91,523,370
5460,92,526,415
5460,93,551,394
5460,94,610,409
5460,95,623,385
5460,96,88,463
5460,97,82,429
5470,76,181,335
5470,77,225,268
5470,78,214,297
5470,81,152,374
5470,82,136,408
5470,83,692,427
5470,84,690,470
5470,85,542,447
5470,86,394,441
5470,87,338,427
5470,88,343,403
5470,89,315,287
5470,90,572,155
5470,91,503,368
5470,92,506,410
5470,93,531,392
5470,94,592,404
5470,95,604,382
5470,96,112,463
5470,97,105,430
5480,76,173,335
5480,77,213,266
5480,78,203,296
5480,81,130,375
5480,82,115,412
5480,83,713,425
5480,84,713,468
5480,85,566,447
5480,86,415,443
5480,87,357,427
5480,88,362,403
5480,89,292,280
5480,90,572,167
5480,91,483,366
5480,92,485,405
5480,93,511,390
5480,94,572,400
5480,95,585,378
5480,96,137,463
5480,97,128,430
5490,76,166,336
5490,77,201,263
5490,78,192,296
5490,81,109,376
5490,82,95,415
5490,85,591,447
5490,86,437,444
5490,87,376,430
5490,88,378,405
5490,89,269,273
5490,90,573,180
5490,91,463,363
5490,92,465,400
5490,93,491,386
5490,94,553,397
5490,95,566,374
5490,96,162,463
5490,97,150,431
5500,76,159,337
5500,77,188,261
5500,78,180,295
5500,81,89,381
5500,82,75,418
5500,85,615,447
5500,86,460,445
5500,87,394,433
5500,88,395,408
5500,89,246,266
5500,90,575,193
5500,91,445,362
5500,92,448,398
5500,93,471,381
5500,94,533,393
5500,95,547,370
5500,96,187,463
5500,97,173,431
5510,76,151,337
5510,77,173,259
5510,78,167,294
5510,81,69,386
5510,82,56,421
5510,85,639,446
5510,86,483,446
5510,87,413,436
5510,88,414,411
5510,89,225,263
5510,90,576,207
5510,91,427,361
5510,92,431,396
5510,93,451,377
5510,94,514,388
5510,95,528,366
5510,96,210,460
5510,97,196,430
5520,76,141,338
5520,77,158,258
5520,78,154,293
5520,81,49,391
5520,82,36,424
5520,85,663,446
5520,86,506,446
5520,87,435,437
5520,88,435,414
5520,89,205,262
5520,90,577,220
5520,91,408,360
5520,92,415,394
5520,93,432,372
5520,94,494,383
5520,95,508,361
5520,96,234,457
5520,97,219,428
5530,76,129,340
5530,77,143,256
5530,78,141,292
5530,81,29,396
5530,82,16,427
5530,85,688,445
5530,86,529,446
5530,87,459,436
5530,88,457,411
5530,89,186,262
5530,90,579,233
5530,91,390,359
5530,92,398,393
5530,93,416,371
5530,94,475,378
5530,95,491,354
5530,96,257,454
5530,97,242,426
5540,76,117,341
5540,77,128,255
5540,78,127,291
5540,81,10,403
5540,85,712,445
5540,86,552,445
5540,87,483,434
5540,88,478,407
5540,89,170,262
5540,90,580,247
5540,91,372,358
5540,92,381,391
5540,93,400,370
5540,94,455,372
5540,95,475,346
5540,96,280,450
5540,97,265,425
5550,76,106,342
5550,77,114,255
5550,78,112,291
5550,86,576,445
5550,87,507,433
5550,88,499,403
5550,89,154,262
5550,90,580,260
5550,91,356,359
5550,92,365,391
5550,93,383,369
5550,94,436,364
5550,95,458,338
5550,96,305,448
5550,97,292,423
5560,76,94,343
5560,77,100,255
5560,78,97,290
5560,86,599,444
5560,87,531,431
5560,88,522,399
5560,89,138,262
5560,90,581,274
5560,91,340,361
5560,92,350,393
5560,93,367,369
5560,94,416,354
5560,95,439,330
5560,96,331,447
5560,97,319,421
5570,76,82,345
5570,77,85,255
5570,78,82,289
5570,86,622,444
5570,87,555,427
5570,88,546,396
5570,89,125,261
5570,90,581,287
5570,91,324,363
5570,92,334,394
5570,93,352,369
5570,94,396,344
5570,95,416,321
5570,96,356,446
5570,97,347,419
5580,76,69,346
5580,77,71,255
5580,78,70,287
5580,86,646,443
5580,87,579,424
5580,88,570,393
5580,89,112,260
5580,90,581,300
5580,91,308,365
5580,92,318,397
5580,93,336,369
5580,94,375,337
5580,95,392,313
5580,96,382,446
5580,97,370,418
5590,76,56,349
5590,77,58,255
5590,78,58,286
5590,86,669,442
5590,87,604,420
5590,88,594,388
5590,89,99,258
5590,90,574,308
5590,91,291,367
5590,92,301,402
5590,93,320,369
5590,94,351,334
5590,95,368,304
5590,96,408,445
5590,97,393,417
5600,76,43,351
5600,77,47,257
5600,78,45,284
5600,86,692,442
5600,87,628,415
5600,88,617,382
5600,89,87,258
5600,90,566,315
5600,91,274,368
5600,92,285,407
5600,93,305,370
5600,94,328,330
5600,95,346,300
5600,96,432,445
5600,97,416,416
5610,76,29,353
5610,77,35,258
5610,78,33,283
5610,87,651,410
5610,88,640,377
5610,89,74,257
5610,90,552,321
5610,91,258,370
5610,92,268,413
5610,93,292,374
5610,94,304,327
5610,95,324,297
5610,96,457,445
5610,97,441,416
5620,77,23,259
5620,78,19,285
5620,87,675,404
5620,88,665,373
5620,89,61,256
5620,90,532,324
5620,91,241,371
5620,92,251,418
5620,93,279,378
5620,94,280,323
5620,95,301,294
5620,96,481,445
5620,97,466,416
5630,78,5,288
5630,87,699,399
5630,88,690,370
5630,89,49,246
5630,90,512,325
5630,91,225,370
5630,92,234,422
5630,93,265,382
5630,94,256,318
5630,95,279,291
5630,96,505,445
5630,97,491,416
5640,89,36,235
5640,90,495,321
5640,91,209,369
5640,92,216,427
5640,93,248,386
5640,94,232,314
5640,95,257,290
5640,96,529,445
5640,97,516,416
5650,89,24,223
5650,90,477,316
5650,91,193,368
5650,92,199,430
5650,93,228,391
5650,94,209,313
5650,95,235,288
5650,96,554,445
5650,97,542,416
5660,89,13,203
5660,90,459,309
5660,91,177,366
5660,92,184,429
5660,93,208,396
5660,94,186,313
5660,95,212,286
5660,96,578,444
5660,97,567,418
5670,90,442,301
5670,91,161,365
5670,92,169,428
5670,93,190,397
5670,94,163,313
5670,95,192,285
5670,96,602,444
5670,97,592,419
5680,90,425,294
5680,91,145,366
5680,92,154,428
5680,93,173,399
5680,94,140,313
5680,95,172,285
5680,96,627,443
5680,97,617,421
5690,90,409,288
5690,91,129,369
5690,92,137,429
5690,93,156,401
5690,94,116,309
5690,95,152,284
5690,96,651,443
5690,97,642,422
5700,90,393,282
5700,91,113,371
5700,92,120,431
5700,93,137,402
5700,94,93,306
5700,95,132,284
5700,96,675,442
5700,97,668,424
5710,90,376,280
5710,91,97,374
5710,92,103,432
5710,93,117,404
5710,94,70,303
5710,95,113,282
5710,96,699,442
5710,97,693,425
5720,90,358,280
5720,91,81,377
5720,92,86,434
5720,93,97,405
5720,94,55,297
5720,95,98,280
5720,98,690,466
5730,90,340,281
5730,91,66,382
5730,92,69,435
5730,93,77,407
5730,94,40,291
5730,95,82,277
5730,98,667,461
5740,90,323,282
5740,91,50,386
5740,92,52,436
5740,93,60,408
5740,94,25,286
5740,95,66,274
5740,98,645,457
5750,90,305,282
5750,91,34,390
5750,92,35,438
5750,93,48,410
5750,95,56,267
5750,98,622,456
5760,90,287,283
5760,91,18,394
5760,92,18,439
5760,93,36,413
5760,95,46,259
5760,98,600,456
5770,90,269,284
5770,93,24,415
5770,95,37,252
5770,98,578,456
5780,90,252,284
5780,93,12,417
5780,95,28,245
5780,98,556,456
5790,90,236,284
5790,95,26,236
5790,98,535,457
5800,90,219,284
5800,95,25,228
5800,98,512,458
5810,90,203,284
5810,95,23,220
5810,98,490,459
5820,90,187,284
5820,98,468,460
5830,90,172,284
5830,98,447,460
5840,90,157,284
5840,98,427,458
5850,90,142,285
5850,98,407,457
5860,90,127,285
5860,98,387,455
5860,99,20,333
5860,100,10,369
5870,90,112,285
5870,98,367,454
5870,99,40,333
5870,100,27,370
5880,90,99,283
5880,98,347,453
5880,99,59,333
5880,100,45,371
5890,90,87,279
5890,98,324,454
5890,99,79,333
5890,100,62,372
5900,90,75,276
5900,98,302,457
5900,99,98,335
5900,100,80,373
5910,90,63,272
5910,98,279,459
5910,99,117,336
5910,100,101,374
5920,90,53,267
5920,98,257,462
5920,99,135,338
5920,100,122,376
5920,101,695,410
5930,90,46,258
5930,98,234,464
5930,99,154,339
5930,100,143,378
5930,101,661,410
5940,90,40,249
5940,98,211,465
5940,99,173,340
5940,100,164,379
5940,101,626,411
5950,90,34,241
5950,98,187,463
5950,99,193,342
5950,100,186,381
5950,101,593,413
5960,90,28,232
5960,98,163,462
5960,99,213,343
5960,100,207,382
5960,101,560,418
5970,90,22,223
5970,98,139,460
5970,99,234,344
5970,100,228,384
5970,101,527,423
5980,98,115,459
5980,99,255,346
5980,100,249,385
5980,101,495,428
5980,102,701,428
5990,98,92,460
5990,99,275,347
5990,100,271,387
5990,101,461,431
5990,102,663,424
6000,98,69,461
6000,99,296,348
6000,100,292,388
6000,101,427,433
6000,102,624,420
6010,98,47,462
6010,99,319,348
6010,100,313,389
6010,101,392,435
6010,102,586,417
6020,98,24,463
6020,99,341,348
6020,100,335,390
6020,101,358,437
6020,102,554,419
6030,99,364,349
6030,100,356,391
6030,101,323,439
6030,102,521,421
6040,99,386,349
6040,100,378,391
6040,101,291,438
6040,102,489,423
6050,99,409,349
6050,100,402,389
6050,101,259,437
6050,102,456,423
6060,99,432,348
6060,100,426,387
6060,101,227,436
6060,102,423,422
6070,99,454,346
6070,100,449,384
6070,101,195,434
6070,102,390,421
6080,99,477,345
6080,100,473,382
6080,101,163,434
6080,102,357,420
6080,103,22,287
6080,104,32,248
6090,99,500,344
6090,100,497,380
6090,101,129,434
6090,102,324,421
6090,103,39,295
6090,104,50,258
6100,99,518,342
6100,100,519,377
6100,101,96,434
6100,102,290,422
6100,103,57,304
6100,104,68,268
6110,99,534,341
6110,100,541,375
6110,101,63,434
6110,102,257,424
6110,103,80,313
6110,104,88,275
6120,99,549,339
6120,100,562,372
6120,101,29,434
6120,102,224,426
6120,103,104,323
6120,104,109,282
6130,99,565,338
6130,100,584,370
6130,102,191,428
6130,103,128,333
6130,104,130,289
6140,99,584,331
6140,100,605,366
6140,102,158,430
6140,103,151,338
6140,104,153,295
6140,105,693,402
6140,106,705,441
6150,99,604,324
6150,100,625,356
6150,102,122,431
6150,103,175,340
6150,104,176,300
6150,105,663,398
6150,106,674,439
6160,99,623,316
6160,100,644,346
6160,102,86,432
6160,103,199,342
6160,104,200,304
6160,105,633,395
6160,106,642,438
6170,99,642,308
6170,100,663,336
6170,102,50,433
6170,103,222,344
6170,104,223,309
6170,105,603,395
6170,106,612,436
6180,99,662,298
6180,100,682,326
6180,102,15,434
6180,103,245,348
6180,104,247,314
6180,105,574,396
6180,106,582,436
6190,99,682,287
6190,100,699,320
6190,103,268,353
6190,104,273,318
6190,105,544,397
6190,106,552,435
6200,99,702,276
6200,103,291,358
6200,104,298,321
6200,105,514,398
6200,106,522,434
6210,103,313,363
6210,104,324,325
6210,105,484,398
6210,106,492,434
6220,103,337,367
6220,104,349,329
6220,105,453,399
6220,106,462,433
6230,103,363,368
6230,104,372,330
6230,105,423,400
6230,106,432,433
6240,103,389,369
6240,104,396,332
6240,105,393,400
6240,106,403,432
6250,103,415,370
6250,104,419,333
6250,105,365,397
6250,106,373,432
6260,103,441,371
6260,104,443,335
6260,105,338,392
6260,106,347,430
6270,103,467,373
6270,104,467,337
6270,105,310,388
6270,106,322,428
6280,103,490,378
6280,104,491,340
6280,105,283,384
6280,106,297,426
6280,107,4,472
6290,103,513,384
6290,104,515,342
6290,105,256,380
6290,106,272,424
6290,107,31,472
6290,108,8,447
6300,103,536,389
6300,104,539,347
6300,105,230,376
6300,106,247,422
6300,107,59,473
6300,108,33,447
6310,103,559,395
6310,104,561,355
6310,105,204,372
6310,106,217,418
6310,107,86,473
6310,108,59,447
6320,103,583,399
6320,104,584,364
6320,105,178,368
6320,106,187,415
6320,107,112,473
6320,108,85,447
6330,103,607,404
6330,104,606,372
6330,105,151,366
6330,106,157,411
6330,107,137,472
6330,108,111,446
6340,103,630,408
6340,104,628,378
6340,105,123,367
6340,106,128,408
6340,107,162,471
6340,108,138,445
6350,103,654,413
6350,104,650,380
6350,105,95,368
6350,106,100,409
6350,107,187,470
6350,108,164,443
6360,103,678,417
6360,104,672,382
6360,105,68,369
6360,106,72,410
6360,107,212,470
6360,108,190,442
6370,103,702,422
6370,104,694,385
6370,105,41,371
6370,106,44,411
6370,107,236,468
6370,108,217,441
6380,105,14,375
6380,106,16,412
6380,107,259,467
6380,108,242,439
6390,107,283,466
6390,108,267,437
6400,107,306,464
6400,108,292,435
6400,109,18,433
6400,110,16,468
6410,107,331,463
6410,108,318,433
6410,109,42,433
6410,110,41,466
6420,107,358,463
6420,108,343,431
6420,109,65,433
6420,110,65,465
6430,107,385,462
6430,108,369,430
6430,109,88,432
6430,110,90,463
6440,107,412,461
6440,108,396,429
6440,109,112,432
6440,110,115,461
6450,107,439,461
6450,108,423,428
6450,109,136,431
6450,110,139,461
6460,107,466,460
6460,108,450,427
6460,109,160,431
6460,110,163,461
6470,107,493,460
6470,108,477,426
6470,109,184,430
6470,110,187,460
6480,107,520,459
6480,108,505,426
6480,109,208,429
6480,110,211,460
6490,107,547,459
6490,108,530,426
6490,109,232,429
6490,110,235,459
6490,111,690,349
6500,107,574,461
6500,108,556,426
6500,109,256,428
6500,110,258,459
6500,111,668,343
6510,107,600,463
6510,108,581,426
6510,109,280,428
6510,110,280,459
6510,111,647,338
6510,112,708,390
6520,107,626,466
6520,108,607,426
6520,109,304,427
6520,110,303,459
6520,111,627,337
6520,112,688,383
6520,113,715,359
6530,107,653,469
6530,108,633,427
6530,109,329,427
6530,110,326,458
6530,111,608,336
6530,112,668,375
6530,113,696,353
6540,107,679,471
6540,108,661,427
6540,109,353,426
6540,110,349,458
6540,111,589,335
6540,112,646,370
6540,113,677,348
6540,114,33,316
6540,115,33,285
6540,116,31,419
6550,107,705,474
6550,108,688,427
6550,109,378,425
6550,110,371,458
6550,111,578,335
6550,112,622,371
6550,113,658,342
6550,114,54,318
6550,115,59,286
6550,116,51,417
6560,109,403,424
6560,110,397,458
6560,111,568,336
6560,112,597,372
6560,113,638,342
6560,114,75,321
6560,115,84,288
6560,116,71,415
6570,109,428,423
6570,110,424,458
6570,111,550,337
6570,112,573,374
6570,113,617,343
6570,114,96,322
6570,115,108,290
6570,116,91,413
6580,109,452,422
6580,110,451,458
6580,111,529,337
6580,112,550,375
6580,113,596,343
6580,114,118,323
6580,115,132,292
6580,116,111,410
6590,109,477,421
6590,110,478,458
6590,111,508,337
6590,112,528,377
6590,113,571,345
6590,114,139,325
6590,115,154,293
6590,116,131,407
6600,109,502,420
6600,110,505,458
6600,111,488,336
6600,112,506,378
6600,113,545,347
6600,114,161,326
6600,115,175,293
6600,116,151,403
6600,117,23,380
6610,109,529,421
6610,110,532,458
6610,111,467,334
6610,112,485,379
6610,113,520,348
6610,114,183,326
6610,115,195,293
6610,116,173,401
6610,117,43,380
6610,118,24,415
6620,109,556,423
6620,110,559,458
6620,111,447,334
6620,112,466,378
6620,113,499,348
6620,114,204,326
6620,115,216,294
6620,116,196,401
6620,117,63,380
6620,118,45,413
6630,109,583,425
6630,110,586,459
6630,111,429,335
6630,112,447,377
6630,113,478,347
6630,114,226,326
6630,115,239,294
6630,116,220,401
6630,117,83,380
6630,118,66,412
6640,109,610,426
6640,110,612,460
6640,111,411,336
6640,112,428,376
6640,113,456,346
6640,114,248,325
6640,115,261,295
6640,116,243,401
6640,117,104,381
6640,118,87,411
6650,109,637,428
6650,110,639,461
6650,111,393,337
6650,112,409,375
6650,113,436,347
6650,114,268,321
6650,115,283,295
6650,116,267,402
6650,117,125,383
6650,118,109,412
6660,109,664,430
6660,110,665,461
6660,111,375,337
6660,112,389,375
6660,113,417,349
6660,114,289,317
6660,115,306,296
6660,116,292,405
6660,117,147,385
6660,118,131,414
6670,109,691,431
6670,110,692,462
6670,111,357,338
6670,112,370,375
6670,113,399,352
6670,114,309,313
6670,115,329,296
6670,116,316,408
6670,117,168,387
6670,118,153,416
6680,111,338,339
6680,112,350,375
6680,113,380,353
6680,114,330,310
6680,115,352,296
6680,116,340,411
6680,117,190,389
6680,118,175,418
6690,111,316,340
6690,112,330,374
6690,113,363,353
6690,114,351,313
6690,115,376,296
6690,116,362,408
6690,117,210,393
6690,118,196,422
6700,111,294,342
6700,112,310,373
6700,113,345,353
6700,114,373,316
6700,115,399,299
6700,116,384,403
6700,117,231,397
6700,118,216,425
6710,111,273,343
6710,112,290,373
6710,113,327,353
6710,114,394,319
6710,115,421,303
6710,116,406,399
6710,117,251,401
6710,118,236,429
6720,111,253,340
6720,112,269,372
6720,113,307,353
6720,114,418,324
6720,115,443,307
6720,116,428,395
6720,117,273,403
6720,118,257,433
6730,111,233,337
6730,112,249,371
6730,113,287,353
6730,114,441,330
6730,115,468,310
6730,116,452,393
6730,117,296,403
6730,118,280,433
6740,111,214,336
6740,112,229,371
6740,113,267,353
6740,114,465,336
6740,115,492,312
6740,116,477,390
6740,117,318,402
6740,118,303,434
6750,111,194,336
6750,112,209,372
6750,113,247,353
6750,114,489,337
6750,115,516,313
6750,116,501,388
6750,117,341,402
6750,118,326,434
6760,111,174,336
6760,112,189,373
6760,113,227,351
6760,114,512,337
6760,115,540,313
6760,116,525,385
6760,117,364,402
6760,118,349,435
6770,111,154,336
6770,112,169,374
6770,113,207,350
6770,114,536,337
6770,115,564,313
6770,116,548,381
6770,117,386,400
6770,118,373,435
6770,119,715,420
6780,111,135,336
6780,112,149,374
6780,113,187,349
6780,114,559,335
6780,115,590,311
6780,116,571,377
6780,117,408,399
6780,118,398,436
6780,119,685,420
6790,111,115,336
6790,112,129,373
6790,113,167,348
6790,114,582,333
6790,115,616,309
6790,116,595,374
6790,117,430,397
6790,118,422,437
6790,119,656,420
6800,111,95,337
6800,112,109,372
6800,113,147,347
6800,114,606,331
6800,115,642,306
6800,116,617,369
6800,117,452,395
6800,118,447,438
6800,119,628,426
6810,111,75,337
6810,112,88,371
6810,113,128,347
6810,114,629,329
6810,115,662,300
6810,116,639,364
6810,117,474,394
6810,118,470,433
6810,119,600,438
6810,120,32,410
6820,111,59,340
6820,112,68,370
6820,113,110,347
6820,114,651,327
6820,115,680,294
6820,116,661,358
6820,117,498,393
6820,118,493,428
6820,119,573,447
6820,120,44,408
6820,121,24,441
6830,111,42,343
6830,112,48,369
6830,113,91,347
6830,114,670,322
6830,115,698,287
6830,116,683,353
6830,117,522,393
6830,118,516,424
6830,119,549,453
6830,120,56,406
6830,121,42,441
6840,111,26,346
6840,112,31,374
6840,113,73,348
6840,114,690,317
6840,116,705,348
6840,117,546,392
6840,118,538,421
6840,119,524,458
6840,120,69,404
6840,121,61,441
6850,111,10,349
6850,112,16,381
6850,113,55,352
6850,114,709,312
6850,117,570,392
6850,118,560,419
6850,119,495,459
6850,120,89,403
6850,121,81,442
6860,113,36,355
6860,117,594,392
6860,118,583,417
6860,119,466,461
6860,120,110,403
6860,121,105,442
6870,113,18,359
6870,117,616,392
6870,118,604,419
6870,119,438,463
6870,120,130,403
6870,121,130,442
6880,117,639,393
6880,118,626,422
6880,119,412,463
6880,120,151,402
6880,121,154,442
6890,117,661,394
6890,118,647,426
6890,119,385,464
6890,120,171,402
6890,121,178,441
6900,117,683,394
6900,118,670,428
6900,119,359,465
6900,120,191,401
6900,121,200,438
6910,117,706,395
6910,118,694,428
6910,119,333,465
6910,120,211,401
6910,121,223,435
6920,119,306,465
6920,120,233,398
6920,121,246,432
6930,119,280,466
6930,120,257,395
6930,121,269,430
6940,119,254,466
6940,120,280,392
6940,121,294,430
6950,119,228,466
6950,120,304,389
6950,121,320,430
6960,119,204,464
6960,120,326,386
6960,121,345,430
6970,119,179,462
6970,120,348,383
6970,121,371,430
6980,119,155,460
6980,120,370,379
6980,121,396,429
6990,119,131,459
6990,120,392,376
6990,121,419,428
6990,122,32,436
6990,123,20,392
7000,119,106,463
7000,120,415,373
7000,121,442,427
7000,122,56,429
7000,123,46,386
7010,119,82,467
7010,120,438,372
7010,121,465,426
7010,122,80,422
7010,123,72,381
7010,124,16,412
7020,119,60,465
7020,120,462,372
7020,121,488,425
7020,122,104,417
7020,123,97,377
7020,124,40,410
7020,125,30,437
7030,119,37,462
7030,120,486,372
7030,121,512,425
7030,122,127,411
7030,123,121,374
7030,124,64,407
7030,125,57,436
7040,119,15,459
7040,120,509,372
7040,121,537,426
7040,122,151,406
7040,123,146,370
7040,124,88,405
7040,125,83,435
7050,120,533,372
7050,121,562,427
7050,122,175,403
7050,123,171,367
7050,124,112,400
7050,125,109,430
7060,120,557,373
7060,121,587,429
7060,122,199,400
7060,123,196,364
7060,124,136,395
7060,125,134,425
7070,120,581,375
7070,121,612,430
7070,122,223,397
7070,123,222,361
7070,124,160,390
7070,125,159,420
7080,120,605,376
7080,121,636,429
7080,122,250,398
7080,123,248,358
7080,124,185,385
7080,125,184,415
7090,120,630,379
7090,121,661,427
7090,122,277,399
7090,123,275,356
7090,124,211,381
7090,125,209,411
7100,120,656,381
7100,121,685,426
7100,122,304,400
7100,123,301,353
7100,124,237,378
7100,125,236,410
7110,120,681,384
7110,121,709,424
7110,122,331,400
7110,123,328,351
7110,124,263,375
7110,125,262,408
7120,120,707,386
7120,122,357,400
7120,123,354,349
7120,124,289,372
7120,125,289,407
7130,122,383,399
7130,123,376,348
7130,124,314,370
7130,125,316,406
7140,122,410,399
7140,123,399,347
7140,124,339,370
7140,125,339,406
7150,122,436,399
7150,123,422,346
7150,124,364,370
7150,125,363,406
7160,122,461,400
7160,123,446,345
7160,124,388,370
7160,125,387,407
7170,122,487,400
7170,123,471,345
7170,124,413,370
7170,125,411,407
7180,122,513,401
7180,123,496,345
7180,124,438,369
7180,125,435,406
7190,122,538,402
7190,123,522,346
7190,124,462,368
7190,125,459,404
7200,122,562,404
7200,123,547,351
7200,124,486,367
7200,125,484,401
7210,122,586,405
7210,123,572,356
7210,124,511,367
7210,125,508,399
7220,122,610,406
7220,123,597,361
7220,124,535,366
7220,125,533,397
7230,122,634,408
7230,123,622,366
7230,124,560,367
7230,125,559,397
7240,122,658,416
7240,123,646,373
7240,124,586,368
7240,125,584,398
7250,122,682,424
7250,123,671,380
7250,124,612,369
7250,125,610,398
7260,122,706,433
7260,123,695,387
7260,124,636,372
7260,125,634,400
7270,124,659,378
7270,125,655,405
7280,124,683,385
7280,125,676,410
7290,124,706,391
7290,125,697,414
7310,126,699,341
7320,126,685,341
7330,126,671,341
7330,127,703,448
7340,126,657,341
7340,127,682,441
7340,128,698,383
7340,129,697,352
7350,126,642,341
7350,127,661,435
7350,128,681,385
7350,129,681,355
7360,126,628,341
7360,127,640,429
7360,128,664,386
7360,129,664,357
7370,126,613,341
7370,127,619,426
7370,128,645,388
7370,129,648,360
7370,130,688,407
7380,126,596,339
7380,127,598,428
7380,128,625,388
7380,129,627,361
7380,130,665,414
7390,126,579,336
7390,127,577,430
7390,128,604,389
7390,129,605,361
7390,130,643,421
7400,126,562,334
7400,127,556,432
7400,128,583,390
7400,129,583,361
7400,130,620,427
7410,126,543,332
7410,127,535,432
7410,128,562,391
7410,129,561,361
7410,130,595,431
7420,126,523,331
7420,127,515,432
7420,128,542,393
7420,129,540,360
7420,130,570,435
7430,126,502,330
7430,127,495,432
7430,128,521,394
7430,129,521,359
7430,130,545,439
7440,126,482,329
7440,127,475,432
7440,128,501,396
7440,129,502,358
7440,130,517,444
7450,126,464,328
7450,127,453,432
7450,128,480,397
7450,129,482,358
7450,130,489,451
7460,126,447,327
7460,127,432,432
7460,128,460,396
7460,129,463,357
7460,130,460,458
7470,126,429,325
7470,127,410,432
7470,128,440,394
7470,129,442,355
7470,130,431,464
7480,126,410,323
7480,127,388,432
7480,128,420,393
7480,129,420,353
7480,130,406,465
7490,126,389,320
7490,127,367,431
7490,128,400,391
7490,129,398,351
7490,130,382,465
7500,126,367,318
7500,127,348,430
7500,128,380,389
7500,129,376,349
7500,130,358,464
7510,126,346,315
7510,127,329,429
7510,128,360,387
7510,129,354,347
7510,130,334,464
7510,131,690,396
7520,126,326,312
7520,127,310,428
7520,128,340,384
7520,129,335,344
7520,130,312,463
7520,131,665,393
7530,126,307,310
7530,127,291,427
7530,128,320,382
7530,129,318,341
7530,130,290,461
7530,131,640,390
7540,126,288,307
7540,127,272,426
7540,128,300,380
7540,129,302,337
7540,130,268,459
7540,131,613,388
7550,126,269,304
7550,127,255,422
7550,128,284,378
7550,129,285,334
7550,130,247,457
7550,131,586,387
7560,126,251,302
7560,127,237,417
7560,128,269,375
7560,129,268,331
7560,130,225,454
7560,131,558,385
7570,126,233,300
7570,127,219,413
7570,128,254,373
7570,129,252,328
7570,130,203,448
7570,131,533,384
7580,126,216,298
7580,127,202,409
7580,128,238,370
7580,129,232,326
7580,130,182,443
7580,131,511,382
7590,126,198,297
7590,127,185,403
7590,128,223,368
7590,129,213,325
7590,130,160,437
7590,131,488,380
7600,126,181,295
7600,127,172,396
7600,128,205,363
7600,129,194,324
7600,130,143,431
7600,131,466,379
7610,126,165,293
7610,127,158,388
7610,128,187,359
7610,129,175,323
7610,130,131,423
7610,131,443,377
7620,126,148,291
7620,127,145,381
7620,128,169,354
7620,129,156,321
7620,130,118,416
7620,131,418,376
7630,126,132,289
7630,127,131,373
7630,128,151,349
7630,129,143,317
7630,130,106,408
7630,131,394,376
7640,126,116,287
7640,127,119,367
7640,128,133,343
7640,129,130,313
7640,130,93,400
7640,131,370,375
7640,132,25,436
7650,126,105,283
7650,127,108,361
7650,128,117,336
7650,129,117,308
7650,130,79,391
7650,131,346,374
7650,132,49,436
7660,126,95,279
7660,127,96,355
7660,128,100,329
7660,129,104,304
7660,130,65,382
7660,131,323,373
7660,132,72,435
7670,126,84,275
7670,127,85,349
7670,128,83,322
7670,129,90,299
7670,130,51,373
7670,131,303,373
7670,132,97,434
7680,126,73,271
7680,127,74,344
7680,128,67,314
7680,129,72,292
7680,130,38,365
7680,131,283,373
7680,132,123,433
7680,133,698,381
7690,126,62,263
7690,127,64,337
7690,128,53,306
7690,129,54,285
7690,130,27,357
7690,131,263,373
7690,132,150,432
7690,133,675,380
7700,126,52,254
7700,127,54,330
7700,128,39,298
7700,129,36,278
7700,130,16,350
7700,131,243,373
7700,132,176,431
7700,133,651,378
7700,134,712,428
7710,126,41,245
7710,127,44,323
7710,128,25,290
7710,129,29,270
7710,130,6,342
7710,131,222,372
7710,132,202,429
7710,133,628,379
7710,134,684,426
7720,126,31,236
7720,127,34,316
7720,128,11,281
7720,129,24,261
7720,131,200,371
7720,132,228,428
7720,133,605,382
7720,134,657,424
7730,126,29,227
7730,127,24,310
7730,129,19,253
7730,131,177,370
7730,132,249,427
7730,133,581,384
7730,134,629,422
7740,126,27,219
7740,129,14,244
7740,131,155,369
7740,132,270,426
7740,133,558,387
7740,134,606,419
7750,126,25,211
7750,131,133,368
7750,132,291,425
7750,133,535,386
7750,134,583,417
7760,131,110,366
7760,132,313,423
7760,133,513,384
7760,134,560,415
7770,131,88,365
7770,132,335,424
7770,133,490,382
7770,134,536,413
7770,135,21,454
7780,131,66,363
7780,132,359,428
7780,133,469,380
7780,134,511,411
7780,135,38,453
7780,136,16,415
7790,131,43,362
7790,132,383,432
7790,133,452,377
7790,134,485,409
7790,135,54,451
7790,136,37,414
7800,131,21,361
7800,132,407,437
7800,133,434,374
7800,134,460,407
7800,135,71,450
7800,136,58,413
7810,132,431,441
7810,133,416,371
7810,134,436,404
7810,135,87,448
7810,136,79,413
7820,132,456,441
7820,133,399,368
7820,134,413,401
7820,135,106,447
7820,136,98,412
7830,132,481,440
7830,133,382,364
7830,134,389,398
7830,135,126,447
7830,136,117,412
7840,132,506,439
7840,133,365,360
7840,134,366,396
7840,135,146,446
7840,136,137,411
7850,132,530,436
7850,133,349,356
7850,134,344,391
7850,135,166,446
7850,136,156,411
7860,132,554,433
7860,133,332,352
7860,134,324,384
7860,135,186,445
7860,136,176,410
7870,132,578,430
7870,133,312,346
7870,134,304,377
7870,135,206,444
7870,136,196,410
7880,132,602,427
7880,133,291,340
7880,134,284,371
7880,135,226,444
7880,136,216,409
7890,132,627,424
7890,133,270,333
7890,134,263,364
7890,135,247,443
7890,136,236,408
7900,132,651,423
7900,133,250,327
7900,134,243,361
7900,135,267,442
7900,136,256,408
7910,132,676,422
7910,133,230,320
7910,134,222,358
7910,135,288,441
7910,136,275,407
7920,132,701,421
7920,133,211,314
7920,134,202,354
7920,135,308,440
7920,136,295,405
7930,133,191,307
7930,134,182,349
7930,135,329,440
7930,136,315,404
7940,133,173,303
7940,134,162,341
7940,135,352,440
7940,136,335,403
7950,133,155,299
7950,134,143,333
7950,135,376,440
7950,136,355,401
7960,133,136,295
7960,134,123,326
7960,135,399,440
7960,136,375,400
7970,133,118,290
7970,134,104,319
7970,135,422,440
7970,136,397,398
7980,133,102,283
7980,134,85,312
7980,135,446,440
7980,136,422,397
7990,133,86,275
7990,134,67,306
7990,135,469,440
7990,136,446,395
8000,133,70,268
8000,134,48,297
8000,135,490,442
8000,136,470,394
8010,133,60,260
8010,134,33,282
8010,135,512,445
8010,136,494,392
8010,137,419,583
8020,133,53,252
8020,134,18,266
8020,135,534,447
8020,136,517,392
8020,137,430,575
8020,138,396,575
8030,133,45,244
8030,134,3,251
8030,135,556,450
8030,136,540,395
8030,137,442,567
8030,138,407,562
8040,133,38,236
8040,135,577,452
8040,136,562,397
8040,137,453,560
8040,138,419,549
8050,133,33,227
8050,135,600,453
8050,136,585,400
8050,137,467,544
8050,138,433,529
8060,133,28,219
8060,135,623,452
8060,136,607,402
8060,137,482,524
8060,138,447,506
8070,133,23,210
8070,135,646,452
8070,136,629,403
8070,137,497,504
8070,138,462,484
8080,133,18,201
8080,135,670,451
8080,136,651,402
8080,137,512,484
8080,138,479,463
8090,135,693,450
8090,136,672,401
8090,137,527,470
8090,138,497,442
8100,136,694,400
8100,137,543,460
8100,138,515,431
8110,137,560,450
8110,138,533,423
8120,137,577,441
8120,138,554,414
8130,137,593,431
8130,138,580,406
8140,137,613,429
8140,138,603,400
8150,137,634,429
8150,138,624,397
8160,137,658,429
8160,138,647,395
8170,137,683,429
8170,138,669,393
8180,138,692,391
8360,139,9,426
8370,139,35,422
8380,139,61,418
8390,139,87,415
8400,139,113,412
8410,139,139,412
8410,140,698,305
8420,139,165,411
8420,140,670,310
8430,139,190,410
8430,140,642,316
8440,139,216,409
8440,140,613,321
8450,139,241,409
8450,140,584,326
8460,139,267,409
8460,140,554,331
8470,139,292,409
8470,140,525,335
8480,139,315,408
8480,140,497,340
8490,139,329,408
8490,140,469,341
8500,139,342,407
8500,140,443,334
8510,139,355,407
8510,140,417,326
8520,139,368,405
8520,140,392,320
8530,139,384,403
8530,140,367,318
8540,139,404,401
8540,140,342,316
8550,139,424,400
8550,140,318,314
8560,139,448,398
8560,140,293,311
8560,148,26,214
8570,139,472,396
8570,140,268,307
8570,148,32,220
8580,139,497,395
8580,140,243,303
8580,148,37,227
8590,139,519,393
8590,140,218,300
8590,141,330,566
8590,148,40,232
8600,139,537,393
8600,140,194,298
8600,141,319,537
8600,148,41,238
8610,139,555,392
8610,140,173,298
8610,141,304,501
8610,142,362,578
8610,148,43,244
8620,139,573,392
8620,140,151,298
8620,141,287,462
8620,142,356,567
8620,148,44,249
8630,139,591,392
8630,140,130,298
8630,141,273,444
8630,142,351,557
8630,143,701,368
8630,148,46,255
8640,139,606,393
8640,140,108,297
8640,141,260,431
8640,142,336,541
8640,143,680,362
8640,148,49,260
8650,139,620,395
8650,140,86,296
8650,141,248,419
8650,142,320,525
8650,143,657,357
8650,144,711,383
8650,148,55,263
8660,139,634,395
8660,140,64,296
8660,141,247,409
8660,142,303,508
8660,143,635,355
8660,144,692,380
8660,145,709,476
8660,148,60,266
8670,139,649,395
8670,140,48,288
8670,141,246,400
8670,142,286,492
8670,143,612,353
8670,144,673,377
8670,145,679,474
8670,146,689,442
8670,147,692,344
8670,148,66,269
8680,139,667,397
8680,140,33,279
8680,141,239,396
8680,142,268,476
8680,143,590,355
8680,144,653,375
8680,145,650,471
8680,146,661,440
8680,147,666,341
8680,148,69,274
8690,139,687,400
8690,140,21,263
8690,141,230,393
8690,142,248,467
8690,143,568,361
8690,144,631,375
8690,145,621,470
8690,146,631,438
8690,147,644,338
8690,148,70,280
8700,139,707,404
8700,140,10,245
8700,141,217,393
8700,142,225,464
8700,143,546,367
8700,144,608,376
8700,145,592,470
8700,146,601,436
8700,147,624,336
8700,148,71,286
8710,140,7,235
8710,141,199,395
8710,142,202,461
8710,143,529,368
8710,144,587,377
8710,145,564,471
8710,146,571,433
8710,147,604,334
8710,148,71,288
8720,140,5,227
8720,141,181,397
8720,142,182,460
8720,143,512,370
8720,144,569,379
8720,145,535,471
8720,146,541,431
8720,147,582,335
8720,148,70,288
8730,141,160,398
8730,142,162,460
8730,143,494,371
8730,144,550,380
8730,145,506,470
8730,146,511,430
8730,147,560,336
8730,148,70,288
8740,141,139,400
8740,142,139,461
8740,143,477,371
8740,144,531,381
8740,145,477,469
8740,146,481,428
8740,147,538,337
8740,148,69,289
8750,141,118,402
8750,142,116,462
8750,143,460,365
8750,144,510,378
8750,145,448,467
8750,146,451,427
8750,147,518,339
8750,148,69,289
8760,141,96,405
8760,142,93,462
8760,143,443,358
8760,144,489,376
8760,145,420,465
8760,146,422,425
8760,147,498,340
8760,148,68,290
8770,141,75,408
8770,142,73,461
8770,143,427,355
8770,144,469,374
8770,145,391,464
8770,146,394,423
8770,147,478,342
8770,148,67,290
8780,141,53,412
8780,142,54,460
8780,143,411,352
8780,144,450,373
8780,145,362,462
8780,146,367,421
8780,147,460,342
8780,148,67,290
8790,141,32,414
8790,142,35,459
8790,143,395,351
8790,144,430,371
8790,145,333,460
8790,146,340,419
8790,147,441,342
8790,148,66,291
8800,141,11,417
8800,142,16,458
8800,143,378,351
8800,144,411,370
8800,145,305,459
8800,146,313,417
8800,147,422,342
8800,148,66,291
8810,143,361,350
8810,144,392,369
8810,145,279,457
8810,146,285,415
8810,147,404,341
8810,148,65,291
8820,143,345,349
8820,144,373,368
8820,145,252,456
8820,146,259,414
8820,147,384,339
8820,148,64,292
8830,143,328,348
8830,144,354,367
8830,145,225,454
8830,146,233,413
8830,147,365,336
8830,148,64,292
8840,143,312,347
8840,144,334,367
8840,145,198,452
8840,146,206,412
8840,147,345,334
8840,148,63,292
8850,143,295,343
8850,144,315,364
8850,145,172,451
8850,146,180,412
8850,147,327,331
8850,148,62,293
8860,143,278,340
8860,144,295,361
8860,145,145,450
8860,146,154,410
8860,147,309,329
8860,148,62,293
8870,143,260,336
8870,144,275,358
8870,145,119,450
8870,146,127,408
8870,147,292,326
8870,148,61,294
8880,143,243,331
8880,144,255,356
8880,145,94,450
8880,146,100,405
8880,147,274,324
8880,148,61,294
8890,143,225,325
8890,144,234,357
8890,145,68,450
8890,146,74,404
8890,147,252,325
8890,148,60,294
8900,143,207,319
8900,144,213,359
8900,145,42,450
8900,146,48,405
8900,147,230,327
8900,148,59,295
8910,143,189,316
8910,144,193,360
8910,145,16,450
8910,146,22,406
8910,147,207,329
8910,148,59,295
8920,143,172,315
8920,144,173,362
8920,147,185,331
8920,148,58,295
8930,143,155,315
8930,144,155,363
8930,147,165,334
8930,148,57,296
8940,143,134,317
8940,144,138,365
8940,147,146,338
8940,148,57,296
8950,143,110,321
8950,144,120,366
8950,147,126,342
8950,148,56,296
8960,143,87,325
8960,144,102,367
8960,147,106,345
8960,148,56,297
8970,143,63,329
8970,144,81,374
8970,147,85,349
8970,148,55,297
8980,143,40,333
8980,144,60,382
8980,147,64,354
8980,148,52,299
8990,143,16,337
8990,144,38,390
8990,147,43,360
8990,148,38,307
9000,144,17,397
9000,147,22,367
9000,148,25,315
9010,148,11,323
